1,3,4,5,6
21,1,2,3,4,5,7,12
1,2,3,4,5,7,8,9,10,11,12
83,86,87,88
83,84,85,89,416,473,474,98,99,131,141,196,204,207,210,212,218,219,220,221,222,145,163
46,47,48,51,473,474,98,99,131,141,196,204,207,210,212,218,219,220,221,222,145
52,53,54,66,473,474,98,99,131,141,196,204,207,210,212,218,219,220,221,222,145
90,91,92,95,473,474,98,99,131,141,196,204,207,210,212,218,219,220,221,222,145
96,97,42,45,473,474,98,99,131,141,196,204,207,210,212,218,219,220,221,222,145
96,43,44
90,93,94
52,55,56,57,58,59,60,61,62,63,64,65
46,49,50
814,815,818,819,820,821,822,823,824,825,826,827,828,794,795,796,797,798,799,800,811,750,751,752,753,754,755,756,757,762,764,765,766,783,787,23,24,26,27,28,29,30,31,41,1,2,561,573,574,575,576,577,578,579,580,581,582,583,479,480,482,483,486,487,490,491,492,493,494,495,496,497,498,499,500,504,505,506,507,508,509,511,513,516,517,518,519,520,521,522,523,524,525,526,527,528,529,530,531,532,533,534,535,536,537,538,539,540,541,542,543,544,545,546,550,551,552,553,554,555,558,559,562,563,564,565,566,567,568,569,570,572,465,227,228,230,231,233,234,235,243,249,250,255,263,264,266,267,268,269,270,276,278,279,280,281,282,286,287,290,291,292,293,329,330,331,332,335,336,439,440,441,442,443,444,445,446,447,448,456,457,458,459,461,463,464,468,470,471,116,117,118,119,120,121,122,123,124,125,126,127,128,129,130,132,133,134,135,136,137,138,139,140,143,211,213,214,215,216,669,670,671,672,673,674,675,676,681,682,683,684,685,686,687,691,692,591,592,593,594,595,596,597,598,599,600,601,604,605,608,609,614,615,616,617,618,619,620,621,622,623,624,625,627,628,629,630,631,632,633,634,635,636,637,638,639,641,642,643,644,661,662,663,664
740,741,742,743,744,745,746,747,748,739,829,830,831,832,814,815,816,817,818,819,820,821,822,823,824,825,794,795,796,797,798,799,800,811,750,751,752,753,754,755,756,757,762,764,765,766,783,787,23,24,26,27,28,29,30,31,41,1,2,561,575,576,577,578,579,580,581,582,583,479,480,482,483,484,485,486,487,488,489,490,491,492,493,494,495,496,497,498,499,500,504,505,506,507,508,509,511,513,516,517,518,519,520,521,522,523,524,525,528,529,530,531,532,533,534,535,536,537,538,539,540,541,542,543,544,545,546,550,551,552,553,554,555,558,559,562,563,564,565,566,567,568,569,570,572,465,473,474,98,99,115,131,141,227,228,263,264,266,267,268,269,270,276,278,279,280,281,282,286,287,290,291,292,293,439,440,441,442,445,446,447,448,456,457,458,459,461,463,464,468,470,471,117,118,119,120,121,122,123,124,125,126,127,129,130,132,133,134,135,136,137,138,143,145,669,670,671,672,673,674,675,676,677,678,679,681,682,683,684,685,686,687,691,692,591,592,593,594,595,596,597,598,599,600,601,604,605,608,609,614,615,616,617,618,619,620,621,622,623,624,625,627,628,629,630,631,632,633,634,635,636,637,638,639,641,642,643,644,661,662,663,664
263,264,266,267,268,269,270,271,272,273,283,284,285,286,287,288,289,290,291,292,293
263,265
263,264,265
263,264,266,267,268,269,270,271,272,273,279,280,281,282,283,284,285,286,287,290,291,292,293
263,264,266,267,268,269,270,271,272,273,283,284,285,286,287,290,291,292,293,294,295,299,300,301,302,303,304,305
263,264,266,267,268,269,270,283,285,286,287,290,291,292,293,306,307,308,309,310,311,312,313,314,315
263,264,266,267,268,269,270,271,272,273,283,285,286,287,290,291,292,293,294,296,297,298
465,230,231,233,234,235,244,245,247,248,249,250,251,252,254,255,439,440,441,442,443,444,445,164,166,167,168,175,176,183,184,185,186,187,188,189,191,192,193,194,195,197,198,199,200,201,213,217
794,795,465,230,231,233,234,235,249,250,255,441,442,445,669,670,671,672,673,674,675,676,681,682,683,684,685,686,687,691,692,591,592,593,608,609,614,615,616,617,618,619,620,621,622,623,624
465,329,330,331,332,336,337,116,117,119,128
796,797,798,799,800,783,787,465,230,231,233,234,235,249,250,255,256,257,258,259,263,264,266,267,268,269,270,279,280,281,282,286,287,290,291,292,293,441,117,119,120,121,122,123,124,125,126,127,129,130,132,133,134,135,136,137,138,142,143
230,231,233,234,235,244,245,247,248,256,257,258,259,260
230,231,233,234,235,244,245,247,248,263,264,266,267,268,269,270,274,275,276,277,278,286,287,290,291,292,293
796,797,798,799,800,779,780,781,782,787,465,230,231,233,234,235,249,250,255,441,100,101,102,103,104,105,106,107,108,109,110,111,112,113,114
465,230,231,233,234,235,243,244,245,247,248,255,261,352,353,354,355,356,359,360,361,362,363,364,365,366,367,368,369,370,371,372,386,387,388,389,390,391,392,393,394,395,396,397,398,399,400,401,402,403,404,405,415,417,418,419,420,421,437,438,441,466,468,469,470,472,475,476
230,231,233
230,231,233,234,235,251,252,253
230,231,233,234,235,244,245,246
465,352,353,354,355,402,403,404,418,419,420,421,437,438,466,468,472,475
465,352,353,354,355,405,406,407,408,409,418,419,420,421,426,428,437,438,466,468,470,472,475,476
465,352,353,354,355,386,387,388,389,390,391,392,393,394,395,396,398,399,400,402,403,404,418,419,420,421,424,425,426,428,437,438,466,468,472,475
465,319,320,321,322,328,352,353,354,355,405,415,417,418,466,468,470,472,475,476
465,230,231,233,234,235,243,244,245,247,248,255,261,329,330,331,332,336,352,353,354,355,356,359,360,361,362,363,364,365,366,367,368,369,370,371,372,402,403,404,418,419,420,421,422,423,426,428,429,430,431,433,434,435,436,437,438,441,466,468,469,470,472,475
465,352,353,354,355,405,410,411,412,413,414,418,466,468,470,472,475,476
465,473,474,98,99,131,141,196,204,207,208,210,212,218,219,230,231,233,234,235,243,244,245,247,248,255,261,352,353,354,355,356,357,358,359,360,361,362,363,364,365,366,367,368,369,370,371,372,402,403,404,405,415,417,418,419,420,421,437,438,441,466,468,469,470,472,475,476,145
465,230,231,233,234,235,243,244,245,247,248,255,261,263,264,266,267,268,269,270,271,272,273,279,280,281,282,286,287,290,291,292,293,352,353,354,355,356,359,360,361,362,363,364,365,366,367,368,369,370,371,372,373,374,375,376,377,378,379,380,381,382,383,384,385,386,387,388,389,390,391,392,393,394,395,396,398,399,400,401,402,403,404,405,410,411,415,417,418,419,420,421,437,438,441,466,467,468,469,470,472,475,476
465,329,330,331,332,335,336,340,346,348,349,350,446,447,448,456,457,458,459,460,461,463,464,468,470,471
465,230,231,233,234,235,243,244,245,247,248,255,340,341,342,343,344,345,349,350,351,441,446,447,448,456,457,458,459,461,462,468,469,475
230,232
230,231,232
465,329,330,331,332,333,334,336,340,346,347,348,470
465,263,264,266,267,268,269,270,279,280,281,282,286,287,290,291,292,293,669,670,671,672,673,674,675,676,681,682,683,686,687,691,692,591,608,609,614,615,629,630,631,632,633,634,635,636,637,638,639,640,643,644
796,797,798,799,800,811,813,787,465,669,670,671,672,673,674,675,676,681,682,683,686,687,691,692,591,608,609,614,615,645,646,647,648,649,650,651,652,653,654,655,656,657,658,659,660,663,664
829,830,831,832,814,815,816,817,818,819,820,821,822,823,824,825,561,573,574,575,576,577,578,579,580,581,582,479,480,482,483,484,485,486,487,488,489,490,491,492,493,494,495,496,497,498,499,500,504,505,506,514,516,517,518,519,520,521,522,524,525,526,527,564,570,465,227,228,230,231,233,234,235,244,245,247,248,249,250,255,256,257,258,259,439,440,441,442,443,444,445,117,118,119,120,121,122,123,124,125,126,127,213,217,669,670,671,672,673,674,675,676,681,682,683,684,685,686,687,691,692,591,592,593,610,611,614,615,616,617,618,619,620,621,622,623,624
465,230,231,233,234,235,244,245,247,248,255,441,442,445,470,669,670,671,672,673,674,675,676,681,682,683,686,687,616,617,621,625,626
465,230,231,233,234,235,244,245,247,248,255,441,442,445,470,669,670,671,672,673,674,675,676,681,682,683,686,687,616,617,621,625,626
465,230,231,233,234,235,244,245,247,248,255,441,442,445,446,447,448,456,457,458,459,460,669,670,671,672,673,674,675,676,681,682,686,687,691,692,591,592,593,598,599,600,601,612,613,614,615,616,617,618,619,620,621,622,623,624,642
465,230,231,233,234,235,244,245,247,248,255,441,442,445,446,456,457,458,460,669,670,671,672,673,674,675,676,681,682,686,687,691,692,591,592,593,598,599,600,601,612,613,614,615,616,617,618,619,620,621,622,623,624,642
22,23,24,26,27,28,29,30,31,41,1,2,465,223,224,225,230,231,233,234,235,249,250,255,256,257,258,259,263,264,266,267,268,269,270,283,285,286,287,290,291,292,293,439,440,441,442,443,444,445,117,119,120,121,122,123,124,125,126,127,144,164,166,167,168,169,170,172,173,174,175,176,177,178,179,180,181,182,183,184,185,186,187,188,189,191,192,193,194,195,197,198,199,200,201,213,217,723,724,725,694,695,696,697,698,699,708,709,710,711,712,713,714,715
22,23,24,26,27,28,29,30,31,41,1,2,465,223,224,226,230,231,233,234,235,249,250,255,256,257,258,259,263,264,266,267,268,269,270,283,285,286,287,290,291,292,293,439,440,441,442,443,444,445,117,119,120,121,122,123,124,125,126,127,144,164,166,167,168,169,170,171,175,176,177,178,179,180,181,182,183,184,185,186,187,188,189,191,192,193,194,195,197,198,199,200,201,213,217,723,724,725,694,695,696,697,698,699,708,709,710,711,712,713,714,715
796,797,798,799,800,783,787,22,23,24,26,27,28,29,30,31,41,1,2,465,223,224,225,230,231,233,234,235,249,250,255,256,257,258,259,263,264,266,267,268,269,270,283,285,286,287,290,291,292,293,439,440,441,442,443,444,445,117,119,120,121,122,123,124,125,126,127,143,164,166,167,168,169,170,172,173,174,175,176,177,178,179,180,181,182,191,192,193,194,195,197,198,199,200,201,202,203,213,217,723,724,725,694,695,696,697,698,699,708,709,710,711,712,713,714,715
46,52,67,68,69,70,75,76,77,78,22,23,24,26,27,28,29,30,31,41,1,2,465,473,474,98,99,131,141,196,204,207,208,210,212,218,219,223,224,226,230,231,233,234,235,249,250,255,256,257,258,259,262,263,264,266,267,268,269,270,283,285,286,287,290,291,292,293,439,440,441,442,443,444,445,117,118,119,120,121,122,123,124,125,126,127,145,164,166,167,168,169,170,171,175,176,177,178,179,180,181,182,191,192,193,194,195,197,198,199,200,201,202,203,213,217,723,724,725,694,695,696,697,698,699,708,709,710,711,712,713,714,715
829,830,831,832,814,815,816,817,818,819,820,821,822,823,824,825,794,795,811,750,751,752,753,754,755,756,757,762,764,765,766,561,575,576,577,578,579,580,581,582,583,584,585,586,587,479,480,481,482,483,484,485,486,487,488,489,490,491,492,493,494,495,496,497,498,499,500,501,502,503,505,512,515,564,570,571,465,227,229,338,339,671,672,673,677,678,679,681,682,683,684,685,686,687,691,692,591,606,607,614,615,665,666
829,830,831,832,814,815,816,817,818,819,820,821,822,823,824,825,794,795,811,750,751,752,753,754,755,756,757,762,764,765,766,561,575,576,577,578,579,580,581,582,583,584,585,586,587,479,480,481,482,483,484,485,486,487,488,489,490,491,492,493,494,495,496,497,498,499,500,501,502,503,505,510,515,547,548,549,564,570,465,227,229,316,317,318,319,320,321,322,323,324,325,326,338,339,209,671,672,673,677,678,679,681,682,683,684,685,686,687,691,692,591,602,603,614,615,667,668
829,830,831,832,814,815,816,817,818,819,820,821,822,823,824,825,794,795,811,750,751,752,753,754,755,756,757,762,764,765,766,52,55,56,57,58,59,64,65,75,76,79,80,81,82,561,575,576,577,578,579,580,581,582,583,584,585,586,587,479,480,481,482,483,484,485,486,487,488,489,490,491,492,493,494,495,496,497,498,499,500,501,502,503,505,514,515,564,570,465,227,229,338,339,671,672,673,677,678,679,681,682,683,684,685,686,687,691,692,591,610,611,614,615
829,830,831,832,814,815,816,817,818,819,820,821,822,823,824,825,794,795,811,750,751,752,753,754,755,756,757,762,764,765,766,46,49,50,67,68,71,72,73,74,561,575,576,577,578,579,580,581,582,583,584,585,586,587,479,480,481,482,483,484,485,486,487,488,489,490,491,492,493,494,495,496,497,498,499,500,501,502,503,505,514,515,564,570,465,227,229,338,339,671,672,673,677,678,679,681,682,683,684,685,686,687,691,692,591,610,611,614,615
829,830,831,832,814,815,816,817,818,819,820,821,822,823,824,825,794,795,811,750,751,752,753,754,755,756,757,762,764,765,766,561,575,576,577,578,579,580,581,582,583,584,585,586,587,479,480,481,482,483,484,485,486,487,488,489,490,491,492,493,494,495,496,497,498,499,500,501,502,503,505,511,515,553,554,556,557,558,559,560,564,565,566,567,568,569,570,465,227,229,338,339,671,672,673,677,678,679,681,682,683,684,685,686,687,691,692,591,604,605,614,615,661,662,663,664
829,830,831,832,814,815,816,817,818,819,820,821,822,823,824,825,788,789,790,791,792,793,794,795,811,750,751,752,753,754,755,756,757,762,764,765,766,561,575,576,577,578,579,580,581,582,584,585,586,587,477,478,479,480,481,482,483,484,485,486,487,488,489,490,491,492,493,494,495,496,497,498,499,500,504,505,512,564,570,571,427,432,465,223,224,226,227,228,338,339,671,672,673,677,678,679,680,681,682,683,684,685,686,687,688,689,690,692,588,589,591,606,607,614,615,665,666
829,830,831,832,814,815,816,817,818,819,820,821,822,823,824,825,794,795,811,750,751,752,753,754,755,756,757,762,764,765,766,561,575,576,577,578,579,580,581,582,584,585,586,587,479,480,481,482,483,484,485,486,487,488,489,490,491,492,493,494,495,496,497,498,499,500,504,505,510,547,548,549,564,570,465,223,224,225,227,228,316,317,318,319,320,321,322,323,324,325,326,327,338,339,209,671,672,673,677,678,679,680,681,682,683,684,685,686,687,688,689,690,692,588,590,591,602,603,614,615,667,668
829,830,831,832,814,815,816,817,818,819,820,821,822,823,824,825,794,795,811,750,751,752,753,754,755,756,757,762,764,765,766,52,58,59,64,65,75,76,77,81,82,561,575,576,577,578,579,580,581,582,583,584,585,586,587,479,480,481,482,483,484,485,486,487,488,489,490,491,492,493,494,495,496,497,498,499,500,501,502,504,505,514,564,570,465,223,224,225,227,229,338,339,671,672,673,677,678,679,680,681,682,683,684,685,686,687,688,689,690,692,588,590,591,610,611,614,615
829,830,831,832,814,815,816,817,818,819,820,821,822,823,824,825,794,795,811,750,751,752,753,754,755,756,757,762,764,765,766,46,50,67,68,69,73,74,561,575,576,577,578,579,580,581,582,583,584,585,586,587,479,480,481,482,483,484,485,486,487,488,489,490,491,492,493,494,495,496,497,498,499,500,501,502,504,505,514,564,570,465,223,224,225,227,229,338,339,671,672,673,677,678,679,680,681,682,683,684,685,686,687,688,689,690,692,588,590,591,610,611,614,615
829,830,831,832,814,815,816,817,818,819,820,821,822,823,824,825,794,795,811,750,751,752,753,754,755,756,757,762,764,765,766,561,575,576,577,578,579,580,581,582,584,585,586,587,479,480,481,482,483,484,485,486,487,488,489,490,491,492,493,494,495,496,497,498,499,500,504,505,509,511,553,554,555,558,559,562,563,564,565,566,567,568,569,570,465,223,224,225,227,228,338,339,446,447,448,449,450,451,452,453,454,455,671,672,673,677,678,679,680,681,682,683,684,685,686,687,688,689,690,691,692,588,590,591,598,599,600,601,604,605,614,615,642,661,662,663,664
829,830,831,832,814,815,816,817,818,819,820,821,822,823,824,825,794,795,811,750,751,752,753,754,755,756,757,762,764,765,766,561,575,576,577,578,579,580,581,582,584,585,586,587,479,480,481,482,483,484,485,486,487,488,489,490,491,492,493,494,495,496,497,498,499,500,504,505,511,553,554,555,558,559,562,563,564,565,566,567,568,569,570,465,223,224,225,227,228,338,339,671,672,673,677,678,679,680,681,682,683,684,685,686,687,688,689,690,692,588,590,591,604,605,614,615,661,662,663,664
22,26,27,28,29,30,31,39,40,1,3,4,5,7,12,465,230,231,233,234,235,723,724,725
801,802,803,804,805,806,22,23,24,26,27,28,29,30,31,13,465,230,231,233,234,235,249,250,146,147,148,152,153,162,164,166,167,168,175,176,202,205,206,723,724,725,708,709,710,711,712,713,714
801,802,803,804,805,806,22,23,24,26,27,28,29,30,31,41,1,2,13,465,230,231,233,234,235,249,250,146,147,148,152,153,162,164,166,167,168,175,176,202,205,206,723,724,725,694,695,696,697,698,699,708,709,710,711,712,713,714
829,830,831,832,814,815,816,817,818,819,820,821,822,823,824,825,794,795,801,802,803,804,805,806,811,750,751,752,753,754,755,756,757,762,764,765,766,783,22,23,24,25,26,27,28,29,30,31,32,33,34,35,36,37,38,41,1,2,3,4,5,7,8,9,10,13,14,15,16,17,18,19,20,561,575,576,577,578,579,580,581,582,479,480,482,483,484,485,486,487,488,489,490,491,492,493,494,495,496,497,498,499,500,504,505,511,553,554,556,557,558,559,560,564,565,566,567,568,569,570,465,227,228,230,231,233,234,235,236,237,238,239,240,241,242,243,249,250,251,252,254,255,256,257,258,259,263,264,266,267,268,269,270,279,280,281,282,286,287,290,291,292,293,338,441,117,118,119,120,121,122,123,124,125,126,127,129,130,132,133,134,135,136,137,138,143,146,147,149,150,151,152,153,154,155,156,157,158,159,160,161,162,164,165,166,167,168,175,176,177,178,179,180,181,182,190,202,203,205,206,723,724,725,726,727,728,729,730,731,732,733,734,735,736,737,738,693,694,695,696,697,698,699,700,701,702,703,704,705,706,707,708,709,710,711,712,713,714,715,716,717,718,719,720,721,722
807,808,809,810,811,813,750,751,755,756,757
807,808,809,810,811,813
796,797,798,799,800,807,808,809,810,813,787
796,797,798,799,800,807,808,809,810,811,813,787
796,797,798,799,800,762,764,766,787
796,797,798,799,800,762,764,766,784,787
794,795,796,797,798,799,800,783,787
794,795,796,797,798,799,800,783,787
796,797,798,799,800,783,787
796,797,798,799,800,783,787
796,797,798,799,800,783,787
796,797,798,799,800,801,802,803,804,805,806,813,762,763,787
796,797,798,799,800,801,802,803,804,805,806,813,762,764,766,787
796,797,798,799,800,801,802,803,804,805,806,811,813,762,764,766,787
794,795,796,797,798,799,800,813,762,763,787
796,797,798,799,800,767,769,771,772,774,775,776,777,787
796,797,798,799,800,767,769,771,772,773,787
796,797,798,799,800,767,769,770,787
794,795,796,797,798,799,800,767,769,771,772,774,778,787
796,797,798,799,800,767,769,770,787
796,797,798,799,800,767,769,771,772,774,775,776,778,787
796,797,798,799,800,767,768,787
796,797,798,799,800,813,787
796,797,798,799,800,787
796,797,798,799,800,787
796,797,798,799,800,787
796,797,798,799,800,807,808,809,810,811,787
796,797,798,799,800,812,813,787
796,797,798,799,800,779,780,781,782,787
796,797,798,799,800,779,780,781,782,787
794,795,796,797,798,799,800,779,782,787
796,797,798,799,800,779,780,781,782,787
796,797,798,799,800,762,764,766,785,787
796,797,798,799,800,762,764,766,785,787
796,797,798,799,800,787
796,797,798,799,800,807,808,809,810,811,813,750,751,752,753,754,755,756,757,787
796,797,798,799,800,750,751,752,753,754,755,756,757,787
796,797,798,799,800,811,813,750,751,755,756,757,762,764,766,787
796,797,798,799,800,807,808,809,810,811,813,750,751,755,756,757,787
796,797,798,799,800,813,750,751,755,756,757,762,763,787
796,797,798,799,800,811,813,749,750,751,752,753,754,755,756,757,787
796,797,798,799,800,813,758,759,760,761,762,763,787
794,795,796,797,798,799,800,758,759,760,761,762,764,766,787
796,797,798,799,800,813,758,759,760,761,762,764,766,787
796,797,798,799,800,813,762,763,787
796,797,798,799,800,813,762,764,766,787
796,797,798,799,800,813,762,764,766,787
796,797,798,799,800,762,764,766,786,787
796,797,798,799,800,762,764,766,787
796,797,798,799,800,762,764,766,786,787
796,797,798,799,800,758,759,760,761,762,764,766,787
796,797,798,799,800,762,764,766,787
794,795,796,797,798,799,800,762,763,787
796,797,798,799,800,762,764,766,787
796,797,798,799,800,801,802,803,804,805,806,758,759,760,761,762,764,766,787
796,797,798,799,800,813,762,764,766,787
796,797,798,799,800,813,762,764,766,787
796,797,798,799,800,762,764,766,787
