1,3,4,5,6
21,1,2,3,4,5,7,12
1,2,3,4,5,7,8,9,10,11,12
82,85,86,87
82,83,84,88,415,472,473,97,98,130,140,195,203,206,209,211,217,218,219,220,221,144,162
45,46,47,50,472,473,97,98,130,140,195,203,206,209,211,217,218,219,220,221,144
51,52,53,65,472,473,97,98,130,140,195,203,206,209,211,217,218,219,220,221,144
89,90,91,94,472,473,97,98,130,140,195,203,206,209,211,217,218,219,220,221,144
95,96,41,44,472,473,97,98,130,140,195,203,206,209,211,217,218,219,220,221,144
95,42,43
89,92,93
51,54,55,56,57,58,59,60,61,62,63,64
45,48,49
810,811,814,815,816,817,818,819,820,821,822,823,824,791,792,793,794,795,796,797,807,749,750,751,752,753,754,759,761,762,763,780,784,23,24,26,27,28,29,30,31,40,1,2,560,572,573,574,575,576,577,578,579,580,581,582,478,479,481,482,485,486,489,490,491,492,493,494,495,496,497,498,499,503,504,505,506,507,508,510,512,515,516,517,518,519,520,521,522,523,524,525,526,527,528,529,530,531,532,533,534,535,536,537,538,539,540,541,542,543,544,545,549,550,551,552,553,554,557,558,561,562,563,564,565,566,567,568,569,571,464,226,227,229,230,232,233,234,242,248,249,254,262,263,265,266,267,268,269,275,277,278,279,280,281,285,286,289,290,291,292,328,329,330,331,334,335,438,439,440,441,442,443,444,445,446,447,455,456,457,458,460,462,463,467,469,470,115,116,117,118,119,120,121,122,123,124,125,126,127,128,129,131,132,133,134,135,136,137,138,139,142,210,212,213,214,215,668,669,670,671,672,673,674,675,680,681,682,683,684,685,686,690,691,590,591,592,593,594,595,596,597,598,599,600,603,604,607,608,613,614,615,616,617,618,619,620,621,622,623,624,626,627,628,629,630,631,632,633,634,635,636,637,638,640,641,642,643,660,661,662,663
739,740,741,742,743,744,745,746,747,738,825,826,827,828,810,811,812,813,814,815,816,817,818,819,820,821,791,792,793,794,795,796,797,807,749,750,751,752,753,754,759,761,762,763,780,784,23,24,26,27,28,29,30,31,40,1,2,560,574,575,576,577,578,579,580,581,582,478,479,481,482,483,484,485,486,487,488,489,490,491,492,493,494,495,496,497,498,499,503,504,505,506,507,508,510,512,515,516,517,518,519,520,521,522,523,524,527,528,529,530,531,532,533,534,535,536,537,538,539,540,541,542,543,544,545,549,550,551,552,553,554,557,558,561,562,563,564,565,566,567,568,569,571,464,472,473,97,98,114,130,140,226,227,262,263,265,266,267,268,269,275,277,278,279,280,281,285,286,289,290,291,292,438,439,440,441,444,445,446,447,455,456,457,458,460,462,463,467,469,470,116,117,118,119,120,121,122,123,124,125,126,128,129,131,132,133,134,135,136,137,142,144,668,669,670,671,672,673,674,675,676,677,678,680,681,682,683,684,685,686,690,691,590,591,592,593,594,595,596,597,598,599,600,603,604,607,608,613,614,615,616,617,618,619,620,621,622,623,624,626,627,628,629,630,631,632,633,634,635,636,637,638,640,641,642,643,660,661,662,663
262,263,265,266,267,268,269,270,271,272,282,283,284,285,286,287,288,289,290,291,292
262,264
262,263,264
262,263,265,266,267,268,269,270,271,272,278,279,280,281,282,283,284,285,286,289,290,291,292
262,263,265,266,267,268,269,270,271,272,282,283,284,285,286,289,290,291,292,293,294,298,299,300,301,302,303,304
262,263,265,266,267,268,269,282,284,285,286,289,290,291,292,305,306,307,308,309,310,311,312,313,314
262,263,265,266,267,268,269,270,271,272,282,284,285,286,289,290,291,292,293,295,296,297
464,229,230,232,233,234,243,244,246,247,248,249,250,251,253,254,438,439,440,441,442,443,444,163,165,166,167,174,175,182,183,184,185,186,187,188,190,191,192,193,194,196,197,198,199,200,212,216
791,792,464,229,230,232,233,234,248,249,254,440,441,444,668,669,670,671,672,673,674,675,680,681,682,683,684,685,686,690,691,590,591,592,607,608,613,614,615,616,617,618,619,620,621,622,623
464,328,329,330,331,335,336,115,116,118,127
793,794,795,796,797,780,784,464,229,230,232,233,234,248,249,254,255,256,257,258,262,263,265,266,267,268,269,278,279,280,281,285,286,289,290,291,292,440,116,118,119,120,121,122,123,124,125,126,128,129,131,132,133,134,135,136,137,141,142
229,230,232,233,234,243,244,246,247,255,256,257,258,259
229,230,232,233,234,243,244,246,247,262,263,265,266,267,268,269,273,274,275,276,277,285,286,289,290,291,292
793,794,795,796,797,776,777,778,779,784,464,229,230,232,233,234,248,249,254,440,99,100,101,102,103,104,105,106,107,108,109,110,111,112,113
464,229,230,232,233,234,242,243,244,246,247,254,260,351,352,353,354,355,358,359,360,361,362,363,364,365,366,367,368,369,370,371,385,386,387,388,389,390,391,392,393,394,395,396,397,398,399,400,401,402,403,404,414,416,417,418,419,420,436,437,440,465,467,468,469,471,474,475
229,230,232
229,230,232,233,234,250,251,252
229,230,232,233,234,243,244,245
464,351,352,353,354,401,402,403,417,418,419,420,436,437,465,467,471,474
464,351,352,353,354,404,405,406,407,408,417,418,419,420,425,427,436,437,465,467,469,471,474,475
464,351,352,353,354,385,386,387,388,389,390,391,392,393,394,395,397,398,399,401,402,403,417,418,419,420,423,424,425,427,436,437,465,467,471,474
464,318,319,320,321,327,351,352,353,354,404,414,416,417,465,467,469,471,474,475
464,229,230,232,233,234,242,243,244,246,247,254,260,328,329,330,331,335,351,352,353,354,355,358,359,360,361,362,363,364,365,366,367,368,369,370,371,401,402,403,417,418,419,420,421,422,425,427,428,429,430,432,433,434,435,436,437,440,465,467,468,469,471,474
464,351,352,353,354,404,409,410,411,412,413,417,465,467,469,471,474,475
464,472,473,97,98,130,140,195,203,206,207,209,211,217,218,229,230,232,233,234,242,243,244,246,247,254,260,351,352,353,354,355,356,357,358,359,360,361,362,363,364,365,366,367,368,369,370,371,401,402,403,404,414,416,417,418,419,420,436,437,440,465,467,468,469,471,474,475,144
464,229,230,232,233,234,242,243,244,246,247,254,260,262,263,265,266,267,268,269,270,271,272,278,279,280,281,285,286,289,290,291,292,351,352,353,354,355,358,359,360,361,362,363,364,365,366,367,368,369,370,371,372,373,374,375,376,377,378,379,380,381,382,383,384,385,386,387,388,389,390,391,392,393,394,395,397,398,399,400,401,402,403,404,409,410,414,416,417,418,419,420,436,437,440,465,466,467,468,469,471,474,475
464,328,329,330,331,334,335,339,345,347,348,349,445,446,447,455,456,457,458,459,460,462,463,467,469,470
464,229,230,232,233,234,242,243,244,246,247,254,339,340,341,342,343,344,348,349,350,440,445,446,447,455,456,457,458,460,461,467,468,474
229,231
229,230,231
464,328,329,330,331,332,333,335,339,345,346,347,469
464,262,263,265,266,267,268,269,278,279,280,281,285,286,289,290,291,292,668,669,670,671,672,673,674,675,680,681,682,685,686,690,691,590,607,608,613,614,628,629,630,631,632,633,634,635,636,637,638,639,642,643
793,794,795,796,797,807,809,784,464,668,669,670,671,672,673,674,675,680,681,682,685,686,690,691,590,607,608,613,614,644,645,646,647,648,649,650,651,652,653,654,655,656,657,658,659,662,663
825,826,827,828,810,811,812,813,814,815,816,817,818,819,820,821,560,572,573,574,575,576,577,578,579,580,581,478,479,481,482,483,484,485,486,487,488,489,490,491,492,493,494,495,496,497,498,499,503,504,505,513,515,516,517,518,519,520,521,523,524,525,526,563,569,464,226,227,229,230,232,233,234,243,244,246,247,248,249,254,255,256,257,258,438,439,440,441,442,443,444,116,117,118,119,120,121,122,123,124,125,126,212,216,668,669,670,671,672,673,674,675,680,681,682,683,684,685,686,690,691,590,591,592,609,610,613,614,615,616,617,618,619,620,621,622,623
464,229,230,232,233,234,243,244,246,247,254,440,441,444,469,668,669,670,671,672,673,674,675,680,681,682,685,686,615,616,620,624,625
464,229,230,232,233,234,243,244,246,247,254,440,441,444,469,668,669,670,671,672,673,674,675,680,681,682,685,686,615,616,620,624,625
464,229,230,232,233,234,243,244,246,247,254,440,441,444,445,446,447,455,456,457,458,459,668,669,670,671,672,673,674,675,680,681,685,686,690,691,590,591,592,597,598,599,600,611,612,613,614,615,616,617,618,619,620,621,622,623,641
464,229,230,232,233,234,243,244,246,247,254,440,441,444,445,455,456,457,459,668,669,670,671,672,673,674,675,680,681,685,686,690,691,590,591,592,597,598,599,600,611,612,613,614,615,616,617,618,619,620,621,622,623,641
22,23,24,26,27,28,29,30,31,40,1,2,464,222,223,224,229,230,232,233,234,248,249,254,255,256,257,258,262,263,265,266,267,268,269,282,284,285,286,289,290,291,292,438,439,440,441,442,443,444,116,118,119,120,121,122,123,124,125,126,143,163,165,166,167,168,169,171,172,173,174,175,176,177,178,179,180,181,182,183,184,185,186,187,188,190,191,192,193,194,196,197,198,199,200,212,216,722,723,724,693,694,695,696,697,698,707,708,709,710,711,712,713,714
22,23,24,26,27,28,29,30,31,40,1,2,464,222,223,225,229,230,232,233,234,248,249,254,255,256,257,258,262,263,265,266,267,268,269,282,284,285,286,289,290,291,292,438,439,440,441,442,443,444,116,118,119,120,121,122,123,124,125,126,143,163,165,166,167,168,169,170,174,175,176,177,178,179,180,181,182,183,184,185,186,187,188,190,191,192,193,194,196,197,198,199,200,212,216,722,723,724,693,694,695,696,697,698,707,708,709,710,711,712,713,714
793,794,795,796,797,780,784,22,23,24,26,27,28,29,30,31,40,1,2,464,222,223,224,229,230,232,233,234,248,249,254,255,256,257,258,262,263,265,266,267,268,269,282,284,285,286,289,290,291,292,438,439,440,441,442,443,444,116,118,119,120,121,122,123,124,125,126,142,163,165,166,167,168,169,171,172,173,174,175,176,177,178,179,180,181,190,191,192,193,194,196,197,198,199,200,201,202,212,216,722,723,724,693,694,695,696,697,698,707,708,709,710,711,712,713,714
45,51,66,67,68,69,74,75,76,77,22,23,24,26,27,28,29,30,31,40,1,2,464,472,473,97,98,130,140,195,203,206,207,209,211,217,218,222,223,225,229,230,232,233,234,248,249,254,255,256,257,258,261,262,263,265,266,267,268,269,282,284,285,286,289,290,291,292,438,439,440,441,442,443,444,116,117,118,119,120,121,122,123,124,125,126,144,163,165,166,167,168,169,170,174,175,176,177,178,179,180,181,190,191,192,193,194,196,197,198,199,200,201,202,212,216,722,723,724,693,694,695,696,697,698,707,708,709,710,711,712,713,714
825,826,827,828,810,811,812,813,814,815,816,817,818,819,820,821,791,792,807,749,750,751,752,753,754,759,761,762,763,560,574,575,576,577,578,579,580,581,582,583,584,585,586,478,479,480,481,482,483,484,485,486,487,488,489,490,491,492,493,494,495,496,497,498,499,500,501,502,504,511,514,563,569,570,464,226,228,337,338,670,671,672,676,677,678,680,681,682,683,684,685,686,690,691,590,605,606,613,614,664,665
825,826,827,828,810,811,812,813,814,815,816,817,818,819,820,821,791,792,807,749,750,751,752,753,754,759,761,762,763,560,574,575,576,577,578,579,580,581,582,583,584,585,586,478,479,480,481,482,483,484,485,486,487,488,489,490,491,492,493,494,495,496,497,498,499,500,501,502,504,509,514,546,547,548,563,569,464,226,228,315,316,317,318,319,320,321,322,323,324,325,337,338,208,670,671,672,676,677,678,680,681,682,683,684,685,686,690,691,590,601,602,613,614,666,667
825,826,827,828,810,811,812,813,814,815,816,817,818,819,820,821,791,792,807,749,750,751,752,753,754,759,761,762,763,51,54,55,56,57,58,63,64,74,75,78,79,80,81,560,574,575,576,577,578,579,580,581,582,583,584,585,586,478,479,480,481,482,483,484,485,486,487,488,489,490,491,492,493,494,495,496,497,498,499,500,501,502,504,513,514,563,569,464,226,228,337,338,670,671,672,676,677,678,680,681,682,683,684,685,686,690,691,590,609,610,613,614
825,826,827,828,810,811,812,813,814,815,816,817,818,819,820,821,791,792,807,749,750,751,752,753,754,759,761,762,763,45,48,49,66,67,70,71,72,73,560,574,575,576,577,578,579,580,581,582,583,584,585,586,478,479,480,481,482,483,484,485,486,487,488,489,490,491,492,493,494,495,496,497,498,499,500,501,502,504,513,514,563,569,464,226,228,337,338,670,671,672,676,677,678,680,681,682,683,684,685,686,690,691,590,609,610,613,614
825,826,827,828,810,811,812,813,814,815,816,817,818,819,820,821,791,792,807,749,750,751,752,753,754,759,761,762,763,560,574,575,576,577,578,579,580,581,582,583,584,585,586,478,479,480,481,482,483,484,485,486,487,488,489,490,491,492,493,494,495,496,497,498,499,500,501,502,504,510,514,552,553,555,556,557,558,559,563,564,565,566,567,568,569,464,226,228,337,338,670,671,672,676,677,678,680,681,682,683,684,685,686,690,691,590,603,604,613,614,660,661,662,663
825,826,827,828,810,811,812,813,814,815,816,817,818,819,820,821,785,786,787,788,789,790,791,792,807,749,750,751,752,753,754,759,761,762,763,560,574,575,576,577,578,579,580,581,583,584,585,586,476,477,478,479,480,481,482,483,484,485,486,487,488,489,490,491,492,493,494,495,496,497,498,499,503,504,511,563,569,570,426,431,464,222,223,225,226,227,337,338,670,671,672,676,677,678,679,680,681,682,683,684,685,686,687,688,689,691,587,588,590,605,606,613,614,664,665
825,826,827,828,810,811,812,813,814,815,816,817,818,819,820,821,791,792,807,749,750,751,752,753,754,759,761,762,763,560,574,575,576,577,578,579,580,581,583,584,585,586,478,479,480,481,482,483,484,485,486,487,488,489,490,491,492,493,494,495,496,497,498,499,503,504,509,546,547,548,563,569,464,222,223,224,226,227,315,316,317,318,319,320,321,322,323,324,325,326,337,338,208,670,671,672,676,677,678,679,680,681,682,683,684,685,686,687,688,689,691,587,589,590,601,602,613,614,666,667
825,826,827,828,810,811,812,813,814,815,816,817,818,819,820,821,791,792,807,749,750,751,752,753,754,759,761,762,763,51,57,58,63,64,74,75,76,80,81,560,574,575,576,577,578,579,580,581,582,583,584,585,586,478,479,480,481,482,483,484,485,486,487,488,489,490,491,492,493,494,495,496,497,498,499,500,501,503,504,513,563,569,464,222,223,224,226,228,337,338,670,671,672,676,677,678,679,680,681,682,683,684,685,686,687,688,689,691,587,589,590,609,610,613,614
825,826,827,828,810,811,812,813,814,815,816,817,818,819,820,821,791,792,807,749,750,751,752,753,754,759,761,762,763,45,49,66,67,68,72,73,560,574,575,576,577,578,579,580,581,582,583,584,585,586,478,479,480,481,482,483,484,485,486,487,488,489,490,491,492,493,494,495,496,497,498,499,500,501,503,504,513,563,569,464,222,223,224,226,228,337,338,670,671,672,676,677,678,679,680,681,682,683,684,685,686,687,688,689,691,587,589,590,609,610,613,614
825,826,827,828,810,811,812,813,814,815,816,817,818,819,820,821,791,792,807,749,750,751,752,753,754,759,761,762,763,560,574,575,576,577,578,579,580,581,583,584,585,586,478,479,480,481,482,483,484,485,486,487,488,489,490,491,492,493,494,495,496,497,498,499,503,504,508,510,552,553,554,557,558,561,562,563,564,565,566,567,568,569,464,222,223,224,226,227,337,338,445,446,447,448,449,450,451,452,453,454,670,671,672,676,677,678,679,680,681,682,683,684,685,686,687,688,689,690,691,587,589,590,597,598,599,600,603,604,613,614,641,660,661,662,663
825,826,827,828,810,811,812,813,814,815,816,817,818,819,820,821,791,792,807,749,750,751,752,753,754,759,761,762,763,560,574,575,576,577,578,579,580,581,583,584,585,586,478,479,480,481,482,483,484,485,486,487,488,489,490,491,492,493,494,495,496,497,498,499,503,504,510,552,553,554,557,558,561,562,563,564,565,566,567,568,569,464,222,223,224,226,227,337,338,670,671,672,676,677,678,679,680,681,682,683,684,685,686,687,688,689,691,587,589,590,603,604,613,614,660,661,662,663
22,26,27,28,29,30,31,38,39,1,3,4,5,7,12,464,229,230,232,233,234,722,723,724
798,799,800,801,802,22,23,24,26,27,28,29,30,31,13,464,229,230,232,233,234,248,249,145,146,147,151,152,161,163,165,166,167,174,175,201,204,205,722,723,724,707,708,709,710,711,712,713
798,799,800,801,802,22,23,24,26,27,28,29,30,31,40,1,2,13,464,229,230,232,233,234,248,249,145,146,147,151,152,161,163,165,166,167,174,175,201,204,205,722,723,724,693,694,695,696,697,698,707,708,709,710,711,712,713
825,826,827,828,810,811,812,813,814,815,816,817,818,819,820,821,791,792,798,799,800,801,802,807,749,750,751,752,753,754,759,761,762,763,780,22,23,24,25,26,27,28,29,30,31,32,33,34,35,36,37,40,1,2,3,4,5,7,8,9,10,13,14,15,16,17,18,19,20,560,574,575,576,577,578,579,580,581,478,479,481,482,483,484,485,486,487,488,489,490,491,492,493,494,495,496,497,498,499,503,504,510,552,553,555,556,557,558,559,563,564,565,566,567,568,569,464,226,227,229,230,232,233,234,235,236,237,238,239,240,241,242,248,249,250,251,253,254,255,256,257,258,262,263,265,266,267,268,269,278,279,280,281,285,286,289,290,291,292,337,440,116,117,118,119,120,121,122,123,124,125,126,128,129,131,132,133,134,135,136,137,142,145,146,148,149,150,151,152,153,154,155,156,157,158,159,160,161,163,164,165,166,167,174,175,176,177,178,179,180,181,189,201,202,204,205,722,723,724,725,726,727,728,729,730,731,732,733,734,735,736,737,692,693,694,695,696,697,698,699,700,701,702,703,704,705,706,707,708,709,710,711,712,713,714,715,716,717,718,719,720,721
803,804,805,806,807,809,749,750,752,753,754
803,804,805,806,807,809
793,794,795,796,797,803,804,805,806,809,784
793,794,795,796,797,803,804,805,806,807,809,784
793,794,795,796,797,759,761,763,784
793,794,795,796,797,759,761,763,781,784
791,792,793,794,795,796,797,780,784
791,792,793,794,795,796,797,780,784
793,794,795,796,797,780,784
793,794,795,796,797,780,784
793,794,795,796,797,780,784
793,794,795,796,797,798,799,800,801,802,809,759,760,784
793,794,795,796,797,798,799,800,801,802,809,759,761,763,784
793,794,795,796,797,798,799,800,801,802,807,809,759,761,763,784
791,792,793,794,795,796,797,809,759,760,784
793,794,795,796,797,764,766,768,769,771,772,773,774,784
793,794,795,796,797,764,766,768,769,770,784
793,794,795,796,797,764,766,767,784
791,792,793,794,795,796,797,764,766,768,769,771,775,784
793,794,795,796,797,764,766,767,784
793,794,795,796,797,764,766,768,769,771,772,773,775,784
793,794,795,796,797,764,765,784
793,794,795,796,797,809,784
793,794,795,796,797,784
793,794,795,796,797,784
793,794,795,796,797,784
793,794,795,796,797,803,804,805,806,807,784
793,794,795,796,797,808,809,784
793,794,795,796,797,776,777,778,779,784
793,794,795,796,797,776,777,778,779,784
791,792,793,794,795,796,797,776,779,784
793,794,795,796,797,776,777,778,779,784
793,794,795,796,797,759,761,763,782,784
793,794,795,796,797,759,761,763,782,784
793,794,795,796,797,784
793,794,795,796,797,803,804,805,806,807,809,749,750,751,752,753,754,784
793,794,795,796,797,749,750,751,752,753,754,784
793,794,795,796,797,807,809,749,750,752,753,754,759,761,763,784
793,794,795,796,797,803,804,805,806,807,809,749,750,752,753,754,784
793,794,795,796,797,809,749,750,752,753,754,759,760,784
793,794,795,796,797,807,809,748,749,750,751,752,753,754,784
793,794,795,796,797,809,755,756,757,758,759,760,784
791,792,793,794,795,796,797,755,756,757,758,759,761,763,784
793,794,795,796,797,809,755,756,757,758,759,761,763,784
793,794,795,796,797,809,759,760,784
793,794,795,796,797,809,759,761,763,784
793,794,795,796,797,809,759,761,763,784
793,794,795,796,797,759,761,763,783,784
793,794,795,796,797,759,761,763,784
793,794,795,796,797,759,761,763,783,784
793,794,795,796,797,755,756,757,758,759,761,763,784
793,794,795,796,797,759,761,763,784
791,792,793,794,795,796,797,759,760,784
793,794,795,796,797,759,761,763,784
793,794,795,796,797,798,799,800,801,802,755,756,757,758,759,761,763,784
793,794,795,796,797,809,759,761,763,784
793,794,795,796,797,809,759,761,763,784
793,794,795,796,797,759,761,763,784
