753,754,755,766,767,768,769,770,771,772,773
753,754,755,766,767,768,769,770,771,772,773
753,754,755,766,767,768,769,770,771,772,773
753,754,755,771,772,773,780,781,782,783,784,785,786,787,788,789,790
753,754,755,771,772,773,780,781,782,783,784,785,786,787,788,789,790
753,754,755,771,772,773,780,781,782,783,784,785,786,787,788,789,790
753,754,755,771,772,773
753,754,755,756,757,758,759,760,771,772,773,780,781,782,789,790
753,754,755,756,757,758,759,760,771,772,773,780,781,782,789,790
753,754,755,756,757,758,759,760,771,772,773,780,781,782,789,790
753,754,755,761,762,763,764,765,771,772,773
753,754,755,761,762,763,764,765,771,772,773
753,754,755,761,762,763,764,765,771,772,773
753,754,755,756,757,758,759,760,771,772,773,776,777,778,779,780,781,782,789,790,747,748,752
753,754,755,756,757,758,759,760,771,772,773,776,777,778,779,780,781,782,789,790,747,748,752
753,754,755,756,757,758,759,760,771,772,773,776,777,778,779,780,781,782,789,790,747,748,752
753,754,755,771,772,773
753,754,755,771,772,773
753,754,755,771,772,773
753,754,755,771,772,773,776,777,778,779
753,754,755,771,772,773,776,777,778,779
753,754,755,771,772,773,776,777,778,779
753,754,755,771,772,773,780,781,782,789,790,747,748,752
753,754,755,771,772,773,780,781,782,789,790,747,748,752
753,754,755,771,772,773,747,749,750,751,752
753,754,755,771,772,773,780,781,782,789,790,747,748,752
753,754,755,771,772,773,780,781,782,789,790,747,748,752
753,754,755,771,772,773,780,781,782,789,790,747,748,752
753,754,755,771,772,773,780,781,782,789,790,747,748,752
753,754,755,771,772,773,780,781,782,789,790,747,748,752
753,754,755,771,772,773,780,781,782,789,790,747,748,752
753,754,755,771,772,773,780,781,782,789,790
753,754,755,771,772,773,780,781,782,789,790
753,754,755,771,772,773,780,781,782,783,784,785,786,787,788,789,790
753,754,755,771,772,773,780,781,782,789,790
753,754,755,771,772,773,780,781,782,789,790
753,754,755,771,772,773,780,781,782,789,790
753,754,755,771,772,773,780,781,782,789,790
753,754,755,771,772,773,780,781,782,789,790
753,754,755,771,772,773,780,781,782,789,790
753,754,755,771,772,773,774,775
753,754,755,771,772,773,774,775
753,754,755,771,772,773,774,775
753,754,755,771,772,773,776,777,778,779
753,754,755,771,772,773,776,777,778,779
753,754,755,771,772,773,776,777,778,779
792,793,794,795,796,797,798,799,800,801,802,803,804,805,806,791
792,793,794,795,796,797,798,799,800,801,802,803,804,805,806,791
792,793,794,795,796,797,798,799,800,801,802,803,804,805,806,791
792,793,794,795,796,797,803,804,805,806,791
792,793,794,795,796,797,803,804,805,806,791
792,793,794,795,796,797,803,804,805,806,791
798,799,800,801,802,803,804,805,806,791
798,799,800,801,802,803,804,805,806,791
798,799,800,801,802,803,804,805,806,791
793,794,795,796,797,803,804,805,806,791
793,794,795,796,797,803,804,805,806,791
793,794,795,796,797,803,804,805,806,791
792,793,794,795,796,797,803,804,805,806,791
792,793,794,795,796,797,803,804,805,806,791
792,793,794,795,796,797,803,804,805,806,791
792,793,794,795,796,797,803,804,805,806,791
792,793,794,795,796,797,803,804,805,806,791
792,793,794,795,796,797,803,804,805,806,791
824,825,826,827,828,829,832,833,834,835,836,823,357,427,428,93,95,127,135,178,186,189,195,197,203,204,211,212,213,214,215,224,225,226,227,236,237,238,239,240,241,242,244,253,254,255,256,257,258,259,260,261,266,267,268,269,270,272,273,274,275,138,140
824,825,826,827,828,829,832,833,834,835,836,823,357,427,428,93,95,127,135,178,186,189,195,197,203,204,211,212,213,214,215,224,225,226,227,236,237,238,239,240,241,242,243,244,249,250,251,252,253,254,255,256,257,258,259,260,261,266,267,268,269,270,272,273,274,275,113,114,115,116,125,126,128,129,130,131,132,133,134,138,140
824,825,826,827,828,829,832,833,834,835,836,823,357,427,428,93,95,127,135,178,186,189,195,197,203,204,211,212,213,214,215,224,225,226,227,236,237,238,239,240,241,242,244,253,254,255,256,257,258,259,260,261,266,267,268,269,270,272,273,274,275,113,114,116,137,138,140
824,825,826,827,828,829,832,833,834,835,836,823,357,427,428,93,95,127,135,178,186,189,195,197,203,204,211,212,213,214,215,224,225,226,227,230,236,237,238,239,240,241,242,244,253,254,255,256,257,258,259,260,261,266,267,268,269,270,272,273,274,275,396,113,114,116,117,118,119,120,121,122,137,138,140
824,825,826,827,828,829,832,833,834,835,836,822,823,357,427,428,93,95,127,135,178,186,189,195,197,203,204,211,212,213,214,215,224,225,226,227,230,236,237,238,239,240,241,242,244,253,254,255,256,257,258,259,260,261,266,267,268,269,270,272,273,274,275,396,113,114,115,116,117,118,119,120,121,122,123,124,136,137,138,140
824,825,826,827,828,829,832,833,834,835,836,822,823,357,427,428,93,95,127,135,178,186,189,195,197,203,204,211,212,213,214,215,224,225,226,227,236,237,238,239,240,241,242,244,253,254,255,256,257,258,259,260,261,266,267,268,269,270,272,273,274,275,113,114,116,136,138,140
824,825,826,827,828,829,832,833,834,835,836,823,537,577,578,579,580,581,582,583,584,434,435,538,544,357,427,428,93,95,127,135,178,186,189,195,197,203,204,211,212,213,214,215,224,225,226,227,236,237,238,239,240,241,242,244,253,254,255,256,257,258,259,260,261,266,267,268,269,270,272,273,274,275,277,138,140
824,825,826,827,828,829,832,833,834,835,836,823,537,577,578,579,580,581,582,583,584,434,435,538,544,357,427,428,93,95,127,135,178,186,189,195,197,203,204,211,212,213,214,215,224,225,226,227,236,237,238,239,240,241,242,244,253,254,255,256,257,258,259,260,261,266,267,268,269,270,272,273,274,275,278,138,140
824,825,826,827,828,829,832,833,834,835,836,823,357,427,428,93,95,127,135,178,186,189,195,197,203,204,211,212,213,214,215,224,225,226,227,236,237,238,239,240,241,242,244,253,254,255,256,257,258,259,260,261,266,267,268,269,270,272,273,274,275,279,138,140,679,680,681,685,686,687,689,690
824,825,826,827,828,829,832,833,834,835,836,823,357,427,428,93,95,127,135,178,186,189,195,197,203,204,211,212,213,214,215,224,225,226,227,236,237,238,239,240,241,242,244,253,254,255,256,257,258,259,260,261,266,267,268,269,270,272,273,274,275,138,140,196
824,825,826,827,828,829,832,833,834,835,836,823,357,427,428,93,95,127,135,178,186,189,195,197,203,204,211,212,213,214,215,224,225,226,227,236,237,238,239,240,241,242,244,253,254,255,256,257,258,259,260,261,266,267,268,269,270,272,273,274,275,138,140,191
824,825,826,827,828,829,832,833,834,835,836,823,357,427,428,93,95,127,135,178,186,189,195,197,203,204,211,212,213,214,215,224,225,226,227,236,237,238,239,240,241,242,244,253,254,255,256,257,258,259,260,261,266,267,268,269,270,271,272,273,274,275,138,140,191,192,193,194
824,825,826,827,828,829,832,833,834,835,836,823,357,427,428,93,95,127,135,178,186,189,195,197,203,204,211,212,213,214,215,224,225,226,227,236,237,238,239,240,241,242,244,249,250,251,252,253,254,255,256,257,258,259,260,261,266,267,268,269,270,272,273,274,275,138,140,141,143,144,145,146,147,148,149,150,151,152,153,165
824,825,826,827,828,829,832,833,834,835,836,823,357,427,428,93,95,127,135,178,186,189,195,197,203,204,211,212,213,214,215,224,225,226,227,236,237,238,239,240,241,242,244,253,254,255,256,257,258,259,260,261,266,267,268,269,270,272,273,274,275,138,140,141,143,144,145,146,147,155,156,157,158,159,160,161
824,825,826,827,828,829,832,833,834,835,836,837,838,839,840,841,842,823,357,427,428,93,95,127,135,178,186,189,195,197,203,204,211,212,213,214,215,224,225,226,227,228,229,230,236,237,238,239,240,241,242,244,249,250,251,252,253,254,255,256,257,258,259,260,261,266,267,268,269,270,272,273,274,275,276,394,395,396,397,398,399,400,401,402,403,404,405,406,407,409,410,411,412,413,414,415,420,422,424,425,426,429,138,140,141,143,144,145,146,147,148,149,150,151,152,153,163,165,167,168,169,170,171,172,173,174,175,176,177,179,180,181,182,183,184,185,187,188,190,196,198,202
824,825,826,827,828,829,832,833,834,835,836,823,357,427,428,93,95,127,135,178,186,189,195,197,203,204,211,212,213,214,215,224,225,226,227,236,237,238,239,240,241,242,244,253,254,255,256,257,258,259,260,261,266,267,268,269,270,271,272,273,274,275,138,140,141,143,144,145,146,147,164,191,192,193,194
824,825,826,827,828,829,832,833,834,835,836,837,838,839,840,841,842,823,357,427,428,93,95,127,135,178,186,189,195,197,203,204,211,212,213,214,215,224,225,226,227,236,237,238,239,240,241,242,244,253,254,255,256,257,258,259,260,261,266,267,268,269,270,272,273,274,275,138,140,141,143,144,145,146,147,167,168,169,170,171,172,184,185,187,188
824,825,826,827,828,829,832,833,834,835,836,837,838,839,840,841,842,823,357,427,428,93,95,127,135,178,186,189,195,197,203,204,211,212,213,214,215,224,225,226,227,228,229,230,236,237,238,239,240,241,242,244,253,254,255,256,257,258,259,260,261,266,267,268,269,270,272,273,274,275,394,395,396,397,398,399,400,138,140,141,143,144,145,146,147,162,165,173,174,175,176,177,179,180,181,182,183,184,187,188,198,202
824,825,826,827,828,829,832,833,834,835,836,837,838,839,840,841,842,823,357,427,428,93,95,127,135,178,186,189,195,197,203,204,211,212,213,214,215,224,225,226,227,236,237,238,239,240,241,242,244,253,254,255,256,257,258,259,260,261,266,267,268,269,270,272,273,274,275,138,140,141,143,144,145,146,147,184,187,188
824,825,826,827,828,829,832,833,834,835,836,823,357,427,428,93,95,127,135,178,186,189,195,197,203,204,205,206,207,211,212,213,214,215,224,225,226,227,236,237,238,239,240,241,242,244,253,254,255,256,257,258,259,260,261,266,267,268,269,270,272,273,274,275,138,140
824,825,826,827,828,829,832,833,834,835,836,823,357,427,428,93,95,127,135,178,186,189,195,197,203,204,208,210,211,212,213,214,215,224,225,226,227,236,237,238,239,240,241,242,244,253,254,255,256,257,258,259,260,261,266,267,268,269,270,272,273,274,275,138,140
824,825,826,827,828,829,832,833,834,835,836,823,357,427,428,93,95,127,135,139,178,186,189,195,197,203,204,211,212,213,214,215,224,225,226,227,236,237,238,239,240,241,242,244,253,254,255,256,257,258,259,260,261,266,267,268,269,270,272,273,274,275,138,140
824,825,826,827,828,829,832,833,834,835,836,823,357,427,428,93,95,127,135,178,186,189,195,197,203,204,211,212,213,214,215,224,225,226,227,230,236,237,238,239,240,241,242,244,253,254,255,256,257,258,259,260,261,266,267,268,269,270,272,273,274,275,396,138,140
357,419,427,428,93,95,127,135,138,140
824,825,826,827,828,829,832,833,834,835,836,823,357,427,428,93,95,127,135,178,186,189,195,197,203,204,211,212,213,214,215,224,225,226,227,236,237,238,239,240,241,242,244,249,250,251,252,253,254,255,256,257,258,259,260,261,266,267,268,269,270,272,273,274,275,96,98,99,105,106,107,108,109,111,112,138,140
824,825,826,827,828,829,832,833,834,835,836,823,357,427,428,93,95,127,135,178,186,189,195,197,203,204,211,212,213,214,215,224,225,226,227,236,237,238,239,240,241,242,244,253,254,255,256,257,258,259,260,261,266,267,268,269,270,272,273,274,275,276,96,98,99,110,138,140
824,825,826,827,828,829,832,833,834,835,836,818,819,820,821,823,357,427,428,93,95,127,135,178,186,189,195,197,203,204,211,212,213,214,215,224,225,226,227,230,236,237,238,239,240,241,242,244,253,254,255,256,257,258,259,260,261,266,267,268,269,270,272,273,274,275,396,96,98,99,100,101,102,103,104,111,112,138,140
824,825,826,827,828,829,832,833,834,835,836,818,819,820,821,823,357,427,428,93,95,127,135,178,186,189,195,197,203,204,211,212,213,214,215,224,225,226,227,236,237,238,239,240,241,242,244,253,254,255,256,257,258,259,260,261,266,267,268,269,270,272,273,274,275,96,98,99,138,140
824,825,826,827,828,829,832,833,834,835,836,823,357,427,428,93,95,127,135,178,186,189,195,197,203,204,211,212,213,214,215,224,225,226,227,236,237,238,239,240,241,242,244,249,250,251,252,253,254,255,256,257,258,259,260,261,266,267,268,269,270,272,273,274,275,367,369,370,371,372,373,374,375,376,377,378,388,389,391,392,393,420,421,422,425,429,430,92,138,140
824,825,826,827,828,829,832,833,834,835,836,823,357,427,428,93,95,127,135,178,186,189,195,197,203,204,211,212,213,214,215,224,225,226,227,236,237,238,239,240,241,242,244,253,254,255,256,257,258,259,260,261,266,267,268,269,270,272,273,274,275,367,369,378,388,389,391,392,393,420,422,425,429,430,92,138,140
824,825,826,827,828,829,832,833,834,835,836,823,357,427,428,93,95,127,135,178,186,189,195,197,203,204,211,212,213,214,215,224,225,226,227,236,237,238,239,240,241,242,244,253,254,255,256,257,258,259,260,261,266,267,268,269,270,272,273,274,275,367,369,378,379,380,381,382,383,384,385,386,387,388,389,390,420,422,425,429,138,140
824,825,826,827,828,829,832,833,834,835,836,823,357,427,428,93,95,127,135,178,186,189,195,197,203,204,211,212,213,214,215,223,224,225,226,227,236,237,238,239,240,241,242,244,253,254,255,256,257,258,259,260,261,266,267,268,269,270,272,273,274,275,367,368,422,423,138,140
824,825,826,827,828,829,832,833,834,835,836,823,357,427,428,93,95,127,135,178,186,189,195,197,203,204,211,212,213,214,215,224,225,226,227,236,237,238,239,240,241,242,244,253,254,255,256,257,258,259,260,261,266,267,268,269,270,272,273,274,275,367,369,378,388,389,390,420,422,425,429,138,140
824,825,826,827,828,829,832,833,834,835,836,823,357,427,428,93,95,127,135,178,186,189,195,197,203,204,211,212,213,214,215,224,225,226,227,236,237,238,239,240,241,242,244,253,254,255,256,257,258,259,260,261,266,267,268,269,270,272,273,274,275,138,140,198,202
824,825,826,827,828,829,832,833,834,835,836,823,357,427,428,93,95,127,135,178,186,189,195,197,203,204,211,212,213,214,215,224,225,226,227,236,237,238,239,240,241,242,244,253,254,255,256,257,258,259,260,261,266,267,268,269,270,272,273,274,275,401,402,403,404,405,406,407,409,410,411,412,413,414,416,417,418,420,422,424,425,426,429,430,92,138,140
824,825,826,827,828,829,832,833,834,835,836,823,357,427,428,93,95,127,135,178,186,189,195,197,203,204,211,212,213,214,215,224,225,226,227,236,237,238,239,240,241,242,244,253,254,255,256,257,258,259,260,261,266,267,268,269,270,272,273,274,275,401,404,405,406,408,138,140
824,825,826,827,828,829,832,833,834,835,836,823,357,427,428,93,95,127,135,178,186,189,195,197,203,204,211,212,213,214,215,224,225,226,227,236,237,238,239,240,241,242,244,253,254,255,256,257,258,259,260,261,266,267,268,269,270,272,273,274,275,401,402,403,404,405,406,407,409,410,411,412,413,414,415,420,422,424,425,426,429,138,140
824,825,826,827,828,829,832,833,834,835,836,823,357,427,428,93,95,127,135,178,186,189,195,197,203,204,211,212,213,214,215,224,225,226,227,228,229,236,237,238,239,240,241,242,244,253,254,255,256,257,258,259,260,261,266,267,268,269,270,272,273,274,275,394,395,138,140
824,825,826,827,828,829,832,833,834,835,836,823,357,427,428,93,95,127,135,178,186,189,195,197,203,204,211,212,213,214,215,224,225,226,227,236,237,238,239,240,241,242,244,249,250,251,252,253,254,255,256,257,258,259,260,261,266,267,268,269,270,272,273,274,275,302,303,304,305,321,322,323,324,325,326,327,328,329,330,331,332,333,334,354,356,358,359,420,421,422,424,425,429,430,138,140
824,825,826,827,828,829,832,833,834,835,836,815,816,817,823,357,427,428,93,95,127,135,178,186,189,195,197,203,204,211,212,213,214,215,223,224,225,226,227,230,236,237,238,239,240,241,242,244,249,250,251,252,253,254,255,256,257,258,259,260,261,266,267,268,269,270,272,273,274,275,276,302,303,304,305,306,307,308,309,310,311,312,313,314,315,316,317,318,319,320,321,322,323,324,325,326,327,328,329,330,331,332,333,334,335,336,337,338,339,340,341,342,343,344,345,346,347,348,349,350,351,352,353,354,356,358,359,360,361,362,365,366,396,420,421,422,423,424,425,429,430,138,140
824,825,826,827,828,829,832,833,834,835,836,815,816,817,823,357,427,428,93,95,127,135,178,186,189,195,197,203,204,211,212,213,214,215,224,225,226,227,236,237,238,239,240,241,242,244,253,254,255,256,257,258,259,260,261,266,267,268,269,270,272,273,274,275,302,303,304,305,335,336,337,338,339,340,341,342,343,344,345,346,347,348,349,351,352,353,359,360,361,362,365,366,420,422,425,429,138,140
824,825,826,827,828,829,832,833,834,835,836,815,816,817,823,357,427,428,93,95,127,135,178,186,189,195,197,203,204,211,212,213,214,215,223,224,225,226,227,230,236,237,238,239,240,241,242,244,253,254,255,256,257,258,259,260,261,266,267,268,269,270,272,273,274,275,302,303,304,305,306,307,308,309,310,311,312,313,314,315,316,317,318,319,320,351,352,353,354,355,356,358,359,360,361,362,365,366,396,420,422,423,424,425,429,430,138,140
824,825,826,827,828,829,832,833,834,835,836,815,816,817,823,357,427,428,93,95,127,135,178,186,189,195,197,203,204,211,212,213,214,215,224,225,226,227,236,237,238,239,240,241,242,244,253,254,255,256,257,258,259,260,261,266,267,268,269,270,272,273,274,275,302,303,304,305,351,352,353,359,360,361,362,365,366,420,422,425,429,138,140
824,825,826,827,828,829,832,833,834,835,836,823,357,427,428,93,95,127,135,178,186,189,195,197,203,204,211,212,213,214,215,224,225,226,227,236,237,238,239,240,241,242,244,249,250,251,252,253,254,255,256,257,258,259,260,261,266,267,268,269,270,272,273,274,275,280,288,289,290,291,300,420,421,92,138,140
824,825,826,827,828,829,832,833,834,835,836,823,357,427,428,93,95,127,135,178,186,189,195,197,203,204,211,212,213,214,215,224,225,226,227,230,236,237,238,239,240,241,242,244,249,250,251,252,253,254,255,256,257,258,259,260,261,266,267,268,269,270,272,273,274,275,276,280,281,282,283,284,285,286,287,288,289,290,291,292,293,294,295,296,297,298,299,300,396,401,402,403,404,405,406,407,409,410,411,412,413,414,415,420,421,422,424,425,426,429,92,138,140
824,825,826,827,828,829,832,833,834,835,836,823,357,427,428,93,95,127,135,178,186,189,195,197,203,204,211,212,213,214,215,224,225,226,227,236,237,238,239,240,241,242,244,253,254,255,256,257,258,259,260,261,266,267,268,269,270,272,273,274,275,276,280,286,287,424,138,140
824,825,826,827,828,829,832,833,834,835,836,823,357,427,428,93,95,127,135,178,186,189,195,197,203,204,211,212,213,214,215,224,225,226,227,236,237,238,239,240,241,242,244,253,254,255,256,257,258,259,260,261,266,267,268,269,270,271,272,273,274,275,280,138,140
824,825,826,827,828,829,832,833,834,835,836,823,357,427,428,93,95,127,135,178,186,189,195,197,203,204,211,212,213,214,215,224,225,226,227,236,237,238,239,240,241,242,244,253,254,255,256,257,258,259,260,261,266,267,268,269,270,272,273,274,275,280,292,293,294,295,296,299,425,429,138,140
824,825,826,827,828,829,832,833,834,835,836,823,357,427,428,93,95,127,135,178,186,189,195,197,203,204,211,212,213,214,215,224,225,226,227,230,236,237,238,239,240,241,242,244,253,254,255,256,257,258,259,260,261,266,267,268,269,270,272,273,274,275,280,281,282,283,284,285,299,300,301,396,422,429,92,94,138,140
824,825,826,827,828,829,832,833,834,835,836,823,357,427,428,93,95,127,135,178,186,189,195,197,203,204,211,212,213,214,215,224,225,226,227,236,237,238,239,240,241,242,244,253,254,255,256,257,258,259,260,261,266,267,268,269,270,272,273,274,275,280,299,429,138,140
824,825,826,827,828,829,832,833,834,835,836,823,357,427,428,93,95,127,135,178,186,189,195,197,203,204,211,212,213,214,215,224,225,226,227,236,237,238,239,240,241,242,244,253,254,255,256,257,258,259,260,261,266,267,268,269,270,272,273,274,275,280,297,298,299,401,402,403,404,405,406,407,409,410,411,412,413,414,415,420,422,424,425,426,429,138,140
537,545,547,577,578,579,580,581,582,583,584,434,435,538,544,357,419,427,428,93,95,127,135,138,140
824,825,826,827,828,829,830,831,537,558,566,577,578,579,580,581,582,583,584,434,435,538,544,357,419,427,428,93,95,127,135,211,212,213,214,215,224,225,226,227,230,236,237,238,239,240,241,242,244,249,250,251,252,253,254,255,256,257,258,262,263,264,265,271,272,273,274,275,276,396,397,400,401,402,403,404,405,406,407,409,410,411,412,413,414,415,416,417,418,420,422,424,425,426,429,430,92,138,140,677,678,679,680,681,682,683,684,689,690,691,692,693,694,695,696,697,593,594,595,596,597,598,599,600,601,602,603,604,605,606,607,608,609,610,611,612,613,614,615,616,617,618,619,620,621,622,623,624,625,626,627,628,629,630,631,632,633,634,635,636,637,638,639,640,641,642,643,644,645,646,647,648,649,650,651,652,653,654,655,656,657,658,659,660,661,662,663,664,665,666,667,668,669,670,671,672,673,674,675,676
824,825,826,827,828,829,830,831,537,558,566,575,576,577,578,579,580,581,582,583,584,434,435,538,544,357,419,427,428,93,95,127,135,211,212,213,214,215,224,225,226,227,230,236,237,238,239,240,241,242,244,249,250,251,252,253,254,255,256,257,258,262,263,264,265,271,272,273,274,275,276,396,397,400,401,402,403,404,405,406,407,409,410,411,412,413,414,415,416,417,418,420,422,424,425,426,429,430,92,138,140,677,678,679,680,681,682,683,684,689,690,691,692,693,694,695,696,697,593,594,595,596,597,598,599,600,601,602,603,604,605,606,607,608,609,610,611,612,613,614,615,616,617,618,619,620,621,622,623,624,625,626,627,628,629,630,631,632,633,634,635,636,637,638,639,640,641,642,643,644,645,646,647,648,649,650,651,652,653,654,655,656,657,658,659,660,661,662,663,664,665,666,667,668,669,670,671,672,673,674,675,676
824,825,826,827,828,829,830,831,537,558,566,577,578,579,580,581,582,583,584,434,435,538,544,357,419,427,428,93,95,127,135,211,212,213,214,215,224,225,226,227,230,236,237,238,239,240,241,242,244,249,250,251,252,253,254,255,256,257,258,262,263,264,265,271,272,273,274,275,276,396,397,400,401,402,403,404,405,406,407,409,410,411,412,413,414,415,416,417,418,420,422,424,425,426,429,430,92,138,140,677,678,679,680,681,682,683,684,689,690,691,692,693,694,695,696,697,593,594,595,596,597,598,599,600,601,602,603,604,605,606,607,608,609,610,611,612,613,614,615,616,617,618,619,620,621,622,623,624,625,626,627,628,629,630,631,632,633,634,635,636,637,638,639,640,641,642,643,644,645,646,647,648,649,650,651,652,653,654,655,656,657,658,659,660,661,662,663,664,665,666,667,668,669,670,671,672,673,674,675,676
824,825,826,827,828,829,830,831,537,558,566,577,578,579,580,581,582,583,584,585,434,435,538,544,357,419,427,428,93,95,127,135,211,212,213,214,215,224,225,226,227,230,236,237,238,239,240,241,242,244,249,250,251,252,253,254,255,256,257,258,262,263,264,265,271,272,273,274,275,276,396,397,400,401,402,403,404,405,406,407,409,410,411,412,413,414,415,416,417,418,420,422,424,425,426,429,430,92,138,140,677,678,679,680,681,682,683,684,689,690,691,692,693,694,695,696,697,593,594,595,596,597,598,599,600,601,602,603,604,605,606,607,608,609,610,611,612,613,614,615,616,617,618,619,620,621,622,623,624,625,626,627,628,629,630,631,632,633,634,635,636,637,638,639,640,641,642,643,644,645,646,647,648,649,650,651,652,653,654,655,656,657,658,659,660,661,662,663,664,665,666,667,668,669,670,671,672,673,674,675,676
824,825,826,827,828,829,830,831,537,558,566,577,578,579,580,581,582,583,584,592,434,435,538,544,357,419,427,428,93,95,127,135,211,212,213,214,215,224,225,226,227,230,236,237,238,239,240,241,242,244,249,250,251,252,253,254,255,256,257,258,262,263,264,265,271,272,273,274,275,276,396,397,400,401,402,403,404,405,406,407,409,410,411,412,413,414,415,416,417,418,420,422,424,425,426,429,430,92,138,140,677,678,679,680,681,682,683,684,689,690,691,692,693,694,695,696,697,593,594,595,596,597,598,599,600,601,602,603,604,605,606,607,608,609,610,611,612,613,614,615,616,617,618,619,620,621,622,623,624,625,626,627,628,629,630,631,632,633,634,635,636,637,638,639,640,641,642,643,644,645,646,647,648,649,650,651,652,653,654,655,656,657,658,659,660,661,662,663,664,665,666,667,668,669,670,671,672,673,674,675,676
824,825,826,827,828,829,830,831,537,558,566,577,578,579,580,581,582,583,584,586,434,435,538,544,357,419,427,428,93,95,127,135,211,212,213,214,215,224,225,226,227,230,236,237,238,239,240,241,242,244,249,250,251,252,253,254,255,256,257,258,262,263,264,265,271,272,273,274,275,276,396,397,400,401,402,403,404,405,406,407,409,410,411,412,413,414,415,416,417,418,420,422,424,425,426,429,430,92,138,140,677,678,679,680,681,682,683,684,689,690,691,692,693,694,695,696,697,593,594,595,596,597,598,599,600,601,602,603,604,605,606,607,608,609,610,611,612,613,614,615,616,617,618,619,620,621,622,623,624,625,626,627,628,629,630,631,632,633,634,635,636,637,638,639,640,641,642,643,644,645,646,647,648,649,650,651,652,653,654,655,656,657,658,659,660,661,662,663,664,665,666,667,668,669,670,671,672,673,674,675,676
874,875,876,877,849,850,851,852,863,864,865,866,867,868,869,870,824,825,826,827,828,829,830,831,537,558,566,577,578,579,580,581,582,583,584,585,434,435,436,437,438,439,440,441,442,443,444,445,446,447,448,449,450,451,452,453,454,455,456,457,458,461,467,488,489,490,491,492,493,494,495,496,497,498,499,500,501,502,503,504,521,524,525,538,544,548,357,363,364,419,427,428,93,95,127,135,208,209,211,212,213,214,215,224,225,226,227,230,236,237,238,239,240,241,242,244,247,248,249,250,251,252,253,254,255,256,257,258,262,263,264,265,271,272,273,274,275,276,396,397,400,401,402,403,404,405,406,407,409,410,411,412,413,414,415,416,417,418,420,422,424,425,426,429,430,92,138,140,677,678,679,680,681,682,683,684,689,690,691,692,693,694,695,696,697,593,594,595,596,597,598,599,600,601,602,603,604,605,606,607,608,609,610,611,612,613,614,615,616,617,618,619,620,621,622,623,624,625,626,627,628,629,630,631,632,633,634,635,636,637,638,639,640,641,642,643,644,645,646,647,648,649,650,651,652,653,654,655,656,657,658,659,660,661,662,663,664,665,666,667,668,669,670,671,672,673,674,675,676
874,875,876,877,849,850,851,852,863,864,865,866,867,868,869,870,824,825,826,827,828,829,830,831,537,558,566,577,578,579,580,581,582,583,584,585,434,435,436,437,438,439,440,441,442,443,444,445,446,447,448,449,450,451,452,453,454,455,456,457,458,461,467,488,489,490,491,492,493,494,495,496,497,498,499,500,501,502,503,504,521,522,523,538,544,548,357,363,364,419,427,428,93,95,127,135,208,209,211,212,213,214,215,224,225,226,227,230,236,237,238,239,240,241,242,244,245,246,247,248,249,250,251,252,253,254,255,256,257,258,262,263,264,265,271,272,273,274,275,276,396,397,400,401,402,403,404,405,406,407,409,410,411,412,413,414,415,416,417,418,420,422,424,425,426,429,430,92,138,140,677,678,679,680,681,682,683,684,689,690,691,692,693,694,695,696,697,593,594,595,596,597,598,599,600,601,602,603,604,605,606,607,608,609,610,611,612,613,614,615,616,617,618,619,620,621,622,623,624,625,626,627,628,629,630,631,632,633,634,635,636,637,638,639,640,641,642,643,644,645,646,647,648,649,650,651,652,653,654,655,656,657,658,659,660,661,662,663,664,665,666,667,668,669,670,671,672,673,674,675,676
874,875,876,877,849,850,851,852,863,864,865,866,867,868,869,870,824,825,826,827,828,829,830,831,537,558,566,577,578,579,580,581,582,583,584,434,435,436,437,438,439,440,441,442,443,444,445,446,447,448,449,450,451,452,453,454,455,456,457,458,471,538,544,357,363,364,419,427,428,93,95,127,135,208,209,211,212,213,214,215,224,225,226,227,230,236,237,238,239,240,241,242,244,249,250,251,252,253,254,255,256,257,258,262,263,264,265,271,272,273,274,275,276,396,397,400,401,402,403,404,405,406,407,409,410,411,412,413,414,415,416,417,418,420,422,424,425,426,429,430,92,138,140,677,678,679,680,681,682,683,684,689,690,691,692,693,694,695,696,697,593,594,595,596,597,598,599,600,601,602,603,604,605,606,607,608,609,610,611,612,613,614,615,616,617,618,619,620,621,622,623,624,625,626,627,628,629,630,631,632,633,634,635,636,637,638,639,640,641,642,643,644,645,646,647,648,649,650,651,652,653,654,655,656,657,658,659,660,661,662,663,664,665,666,667,668,669,670,671,672,673,674,675,676
874,875,876,877,849,850,851,852,863,864,865,866,867,868,869,870,824,825,826,827,828,829,830,831,537,558,566,577,578,579,580,581,582,583,584,434,435,436,437,438,439,440,441,442,443,444,445,446,447,448,449,450,451,452,453,454,455,456,457,458,466,538,544,546,357,363,364,419,427,428,93,95,127,135,208,209,211,212,213,214,215,224,225,226,227,230,236,237,238,239,240,241,242,244,249,250,251,252,253,254,255,256,257,258,262,263,264,265,271,272,273,274,275,276,396,397,400,401,402,403,404,405,406,407,409,410,411,412,413,414,415,416,417,418,420,422,424,425,426,429,430,92,138,140,677,678,679,680,681,682,683,684,689,690,691,692,693,694,695,696,697,593,594,595,596,597,598,599,600,601,602,603,604,605,606,607,608,609,610,611,612,613,614,615,616,617,618,619,620,621,622,623,624,625,626,627,628,629,630,631,632,633,634,635,636,637,638,639,640,641,642,643,644,645,646,647,648,649,650,651,652,653,654,655,656,657,658,659,660,661,662,663,664,665,666,667,668,669,670,671,672,673,674,675,676
874,875,876,877,849,850,851,852,863,864,865,866,867,868,869,870,824,825,826,827,828,829,830,831,843,807,808,809,810,811,812,813,814,818,819,820,821,537,558,566,577,578,579,580,581,582,583,584,585,434,435,436,437,438,439,440,441,442,443,444,445,446,447,448,449,450,451,452,453,454,455,456,457,458,459,460,461,462,463,465,467,474,475,476,477,478,479,480,482,483,484,485,486,487,488,489,490,491,492,493,494,495,496,497,498,499,500,501,502,503,504,505,506,507,508,509,510,511,512,513,514,515,516,517,521,524,525,526,529,530,531,532,533,534,535,536,538,539,540,541,542,543,544,548,357,363,364,419,427,428,93,95,127,135,208,209,211,212,213,214,215,224,225,226,227,228,229,230,236,237,238,239,240,241,242,244,247,248,249,250,251,252,253,254,255,256,257,258,262,263,264,265,271,272,273,274,275,276,394,395,396,397,398,399,400,401,402,403,404,405,406,407,409,410,411,412,413,414,415,416,417,418,420,422,424,425,426,429,430,92,138,140,196,198,202,677,678,679,680,681,682,683,684,689,690,691,692,693,694,695,696,697,593,594,595,596,597,598,599,600,601,602,603,604,605,606,607,608,609,610,611,612,613,614,615,616,617,618,619,620,621,622,623,624,625,626,627,628,629,630,631,632,633,634,635,636,637,638,639,640,641,642,643,644,645,646,647,648,649,650,651,652,653,654,655,656,657,658,659,660,661,662,663,664,665,666,667,668,669,670,671,672,673,674,675,676
874,875,876,877,849,850,851,852,863,864,865,866,867,868,869,870,824,825,826,827,828,829,830,831,843,807,808,809,810,811,812,813,814,818,819,820,821,537,558,566,577,578,579,580,581,582,583,584,585,434,435,436,437,438,439,440,441,442,443,444,445,446,447,448,449,450,451,452,453,454,455,456,457,458,459,460,461,462,463,465,467,474,475,476,477,478,479,480,481,482,483,484,485,486,487,488,489,490,491,492,493,494,495,496,497,498,499,500,501,502,503,504,505,506,507,508,509,510,511,512,513,514,515,516,517,521,524,525,526,529,530,531,532,533,534,535,536,538,539,540,541,542,543,544,548,357,363,364,419,427,428,93,95,127,135,208,209,211,212,213,214,215,223,224,225,226,227,228,229,230,236,237,238,239,240,241,242,244,247,248,249,250,251,252,253,254,255,256,257,258,262,263,264,265,271,272,273,274,275,276,394,395,396,397,398,399,400,401,402,403,404,405,406,407,409,410,411,412,413,414,415,416,417,418,420,422,424,425,426,429,430,92,138,140,196,198,199,200,201,677,678,679,680,681,682,683,684,689,690,691,692,693,694,695,696,697,593,594,595,596,597,598,599,600,601,602,603,604,605,606,607,608,609,610,611,612,613,614,615,616,617,618,619,620,621,622,623,624,625,626,627,628,629,630,631,632,633,634,635,636,637,638,639,640,641,642,643,644,645,646,647,648,649,650,651,652,653,654,655,656,657,658,659,660,661,662,663,664,665,666,667,668,669,670,671,672,673,674,675,676
874,875,876,877,849,850,851,852,863,864,865,866,867,868,869,870,824,825,826,827,828,829,830,831,537,558,566,577,578,579,580,581,582,583,584,434,435,436,437,438,439,440,441,442,443,444,445,446,447,448,449,450,451,452,453,454,455,456,457,458,470,538,544,357,363,364,419,427,428,93,95,127,135,208,209,211,212,213,214,215,224,225,226,227,230,236,237,238,239,240,241,242,244,249,250,251,252,253,254,255,256,257,258,262,263,264,265,271,272,273,274,275,276,396,397,400,401,402,403,404,405,406,407,409,410,411,412,413,414,415,416,417,418,420,422,424,425,426,429,430,92,138,140,677,678,679,680,681,682,683,684,689,690,691,692,693,694,695,696,697,593,594,595,596,597,598,599,600,601,602,603,604,605,606,607,608,609,610,611,612,613,614,615,616,617,618,619,620,621,622,623,624,625,626,627,628,629,630,631,632,633,634,635,636,637,638,639,640,641,642,643,644,645,646,647,648,649,650,651,652,653,654,655,656,657,658,659,660,661,662,663,664,665,666,667,668,669,670,671,672,673,674,675,676
874,875,876,877,849,850,851,852,863,864,865,866,867,868,869,870,824,825,826,827,828,829,830,831,537,558,566,577,578,579,580,581,582,583,584,434,435,436,437,438,439,440,441,442,443,444,445,446,447,448,449,450,451,452,453,454,455,456,457,458,460,486,487,538,544,357,363,364,419,427,428,93,95,127,135,208,209,211,212,213,214,215,224,225,226,227,230,236,237,238,239,240,241,242,244,249,250,251,252,253,254,255,256,257,258,262,263,264,265,271,272,273,274,275,276,396,397,400,401,402,403,404,405,406,407,409,410,411,412,413,414,415,416,417,418,420,422,424,425,426,429,430,92,138,140,196,677,678,679,680,681,682,683,684,689,690,691,692,693,694,695,696,697,593,594,595,596,597,598,599,600,601,602,603,604,605,606,607,608,609,610,611,612,613,614,615,616,617,618,619,620,621,622,623,624,625,626,627,628,629,630,631,632,633,634,635,636,637,638,639,640,641,642,643,644,645,646,647,648,649,650,651,652,653,654,655,656,657,658,659,660,661,662,663,664,665,666,667,668,669,670,671,672,673,674,675,676
874,875,876,877,849,850,851,852,863,864,865,866,867,868,869,870,824,825,826,827,828,829,830,831,537,558,566,577,578,579,580,581,582,583,584,434,435,436,437,438,439,440,441,442,443,444,445,446,447,448,449,450,451,452,453,454,455,456,457,458,464,518,519,520,538,544,357,363,364,419,427,428,93,95,127,135,208,209,211,212,213,214,215,224,225,226,227,230,236,237,238,239,240,241,242,244,249,250,251,252,253,254,255,256,257,258,259,260,261,262,263,264,265,266,267,268,271,272,273,274,275,276,396,397,400,401,402,403,404,405,406,407,409,410,411,412,413,414,415,416,417,418,420,422,424,425,426,429,430,92,138,140,191,677,678,679,680,681,682,683,684,689,690,691,692,693,694,695,696,697,593,594,595,596,597,598,599,600,601,602,603,604,605,606,607,608,609,610,611,612,613,614,615,616,617,618,619,620,621,622,623,624,625,626,627,628,629,630,631,632,633,634,635,636,637,638,639,640,641,642,643,644,645,646,647,648,649,650,651,652,653,654,655,656,657,658,659,660,661,662,663,664,665,666,667,668,669,670,671,672,673,674,675,676
874,875,876,877,849,850,851,852,863,864,865,866,867,868,869,870,824,825,826,827,828,829,830,831,537,558,566,577,578,579,580,581,582,583,584,434,435,436,437,438,439,440,441,442,443,444,445,446,447,448,449,450,451,452,453,454,455,456,457,458,469,538,544,357,363,364,419,427,428,93,95,127,135,208,209,211,212,213,214,215,224,225,226,227,230,236,237,238,239,240,241,242,244,249,250,251,252,253,254,255,256,257,258,262,263,264,265,271,272,273,274,275,276,396,397,400,401,402,403,404,405,406,407,409,410,411,412,413,414,415,416,417,418,420,422,424,425,426,429,430,92,138,140,677,678,679,680,681,682,683,684,689,690,691,692,693,694,695,696,697,593,594,595,596,597,598,599,600,601,602,603,604,605,606,607,608,609,610,611,612,613,614,615,616,617,618,619,620,621,622,623,624,625,626,627,628,629,630,631,632,633,634,635,636,637,638,639,640,641,642,643,644,645,646,647,648,649,650,651,652,653,654,655,656,657,658,659,660,661,662,663,664,665,666,667,668,669,670,671,672,673,674,675,676
874,875,876,877,849,850,851,852,863,864,865,866,867,868,869,870,824,825,826,827,828,829,830,831,537,558,566,577,578,579,580,581,582,583,584,434,435,436,437,438,439,440,441,442,443,444,445,446,447,448,449,450,451,452,453,454,455,456,457,458,467,538,544,548,357,363,364,419,427,428,93,95,127,135,208,209,211,212,213,214,215,224,225,226,227,230,236,237,238,239,240,241,242,244,249,250,251,252,253,254,255,256,257,258,262,263,264,265,271,272,273,274,275,276,396,397,400,401,402,403,404,405,406,407,409,410,411,412,413,414,415,416,417,418,420,422,424,425,426,429,430,92,138,140,677,678,679,680,681,682,683,684,689,690,691,692,693,694,695,696,697,593,594,595,596,597,598,599,600,601,602,603,604,605,606,607,608,609,610,611,612,613,614,615,616,617,618,619,620,621,622,623,624,625,626,627,628,629,630,631,632,633,634,635,636,637,638,639,640,641,642,643,644,645,646,647,648,649,650,651,652,653,654,655,656,657,658,659,660,661,662,663,664,665,666,667,668,669,670,671,672,673,674,675,676
874,875,876,877,849,850,851,852,863,864,865,866,867,868,869,870,824,825,826,827,828,829,830,831,537,558,566,577,578,579,580,581,582,583,584,434,435,436,437,438,439,440,441,442,443,444,445,446,447,448,449,450,451,452,453,454,455,456,457,458,468,538,544,357,363,364,419,427,428,93,95,127,135,208,209,211,212,213,214,215,224,225,226,227,230,236,237,238,239,240,241,242,244,249,250,251,252,253,254,255,256,257,258,262,263,264,265,271,272,273,274,275,276,396,397,400,401,402,403,404,405,406,407,409,410,411,412,413,414,415,416,417,418,420,422,424,425,426,429,430,92,138,140,677,678,679,680,681,682,683,684,689,690,691,692,693,694,695,696,697,593,594,595,596,597,598,599,600,601,602,603,604,605,606,607,608,609,610,611,612,613,614,615,616,617,618,619,620,621,622,623,624,625,626,627,628,629,630,631,632,633,634,635,636,637,638,639,640,641,642,643,644,645,646,647,648,649,650,651,652,653,654,655,656,657,658,659,660,661,662,663,664,665,666,667,668,669,670,671,672,673,674,675,676
874,875,876,877,849,850,851,852,863,864,865,866,867,868,869,870,824,825,826,827,828,829,830,831,843,807,808,809,810,811,812,813,814,818,819,820,821,537,558,566,577,578,579,580,581,582,583,584,585,434,435,436,437,438,439,440,441,442,443,444,445,446,447,448,449,450,451,452,453,454,455,456,457,458,462,465,505,506,507,508,509,510,511,512,513,514,515,516,517,526,529,530,531,532,533,534,535,536,538,539,540,541,542,543,544,357,363,364,419,427,428,93,95,127,135,208,209,211,212,213,214,215,224,225,226,227,230,236,237,238,239,240,241,242,244,249,250,251,252,253,254,255,256,257,258,262,263,264,265,271,272,273,274,275,276,396,397,400,401,402,403,404,405,406,407,409,410,411,412,413,414,415,416,417,418,420,422,424,425,426,429,430,92,138,140,677,678,679,680,681,682,683,684,689,690,691,692,693,694,695,696,697,593,594,595,596,597,598,599,600,601,602,603,604,605,606,607,608,609,610,611,612,613,614,615,616,617,618,619,620,621,622,623,624,625,626,627,628,629,630,631,632,633,634,635,636,637,638,639,640,641,642,643,644,645,646,647,648,649,650,651,652,653,654,655,656,657,658,659,660,661,662,663,664,665,666,667,668,669,670,671,672,673,674,675,676
874,875,876,877,849,850,851,852,863,864,865,866,867,868,869,870,824,825,826,827,828,829,830,831,843,807,808,809,810,811,812,813,814,818,819,820,821,537,558,566,577,578,579,580,581,582,583,584,585,434,435,436,437,438,439,440,441,442,443,444,445,446,447,448,449,450,451,452,453,454,455,456,457,458,462,465,505,506,507,508,509,510,511,512,513,514,515,516,517,526,527,528,530,531,532,533,534,535,536,538,539,540,541,542,543,544,357,363,364,419,427,428,93,95,127,135,208,209,211,212,213,214,215,224,225,226,227,230,236,237,238,239,240,241,242,244,249,250,251,252,253,254,255,256,257,258,262,263,264,265,271,272,273,274,275,276,396,397,400,401,402,403,404,405,406,407,409,410,411,412,413,414,415,416,417,418,420,422,424,425,426,429,430,92,138,140,677,678,679,680,681,682,683,684,689,690,691,692,693,694,695,696,697,593,594,595,596,597,598,599,600,601,602,603,604,605,606,607,608,609,610,611,612,613,614,615,616,617,618,619,620,621,622,623,624,625,626,627,628,629,630,631,632,633,634,635,636,637,638,639,640,641,642,643,644,645,646,647,648,649,650,651,652,653,654,655,656,657,658,659,660,661,662,663,664,665,666,667,668,669,670,671,672,673,674,675,676
874,875,876,877,849,850,851,852,863,864,865,866,867,868,869,870,824,825,826,827,828,829,830,831,843,807,808,809,810,811,812,813,814,818,819,820,821,537,558,566,577,578,579,580,581,582,583,584,585,434,435,436,437,438,439,440,441,442,443,444,445,446,447,448,449,450,451,452,453,454,455,456,457,458,459,460,461,462,463,465,467,470,474,475,476,477,478,479,480,482,483,484,485,486,487,488,489,490,491,492,493,494,495,496,497,498,499,500,501,502,503,504,505,506,507,508,509,510,511,512,513,514,515,516,517,521,524,525,526,529,530,531,532,533,534,535,536,538,539,540,541,542,543,544,548,357,363,364,419,427,428,93,95,127,135,208,209,211,212,213,214,215,224,225,226,227,228,229,230,236,237,238,239,240,241,242,244,247,248,249,250,251,252,253,254,255,256,257,258,262,263,264,265,271,272,273,274,275,276,394,395,396,397,398,399,400,401,402,403,404,405,406,407,409,410,411,412,413,414,415,416,417,418,420,422,424,425,426,429,430,92,138,140,196,198,202,677,678,679,680,681,682,683,684,689,690,691,692,693,694,695,696,697,593,594,595,596,597,598,599,600,601,602,603,604,605,606,607,608,609,610,611,612,613,614,615,616,617,618,619,620,621,622,623,624,625,626,627,628,629,630,631,632,633,634,635,636,637,638,639,640,641,642,643,644,645,646,647,648,649,650,651,652,653,654,655,656,657,658,659,660,661,662,663,664,665,666,667,668,669,670,671,672,673,674,675,676
874,875,876,877,849,850,851,852,863,864,865,866,867,868,869,870,824,825,826,827,828,829,830,831,537,558,566,577,578,579,580,581,582,583,584,434,435,436,437,438,439,440,441,442,443,444,445,446,447,448,449,450,451,452,453,454,455,456,457,458,472,473,538,544,357,363,364,419,427,428,93,95,127,135,208,209,211,212,213,214,215,224,225,226,227,230,236,237,238,239,240,241,242,244,249,250,251,252,253,254,255,256,257,258,262,263,264,265,271,272,273,274,275,276,396,397,400,401,402,403,404,405,406,407,409,410,411,412,413,414,415,416,417,418,420,422,424,425,426,429,430,92,138,140,677,678,679,680,681,682,683,684,689,690,691,692,693,694,695,696,697,593,594,595,596,597,598,599,600,601,602,603,604,605,606,607,608,609,610,611,612,613,614,615,616,617,618,619,620,621,622,623,624,625,626,627,628,629,630,631,632,633,634,635,636,637,638,639,640,641,642,643,644,645,646,647,648,649,650,651,652,653,654,655,656,657,658,659,660,661,662,663,664,665,666,667,668,669,670,671,672,673,674,675,676
874,875,876,877,849,850,851,852,863,864,865,866,867,868,869,870,824,825,826,827,828,829,830,831,843,807,808,809,810,811,812,813,814,537,558,566,577,578,579,580,581,582,583,584,434,435,436,437,438,439,440,441,442,443,444,445,446,447,448,449,450,451,452,453,454,455,456,457,458,459,465,467,470,474,475,476,477,478,479,480,482,483,484,485,530,531,532,533,534,535,536,538,539,540,541,542,543,544,548,357,363,364,419,427,428,93,95,127,135,208,209,211,212,213,214,215,224,225,226,227,228,229,230,236,237,238,239,240,241,242,244,249,250,251,252,253,254,255,256,257,258,262,263,264,265,271,272,273,274,275,276,394,395,396,397,398,399,400,401,402,403,404,405,406,407,409,410,411,412,413,414,415,416,417,418,420,422,424,425,426,429,430,92,138,140,198,202,677,678,679,680,681,682,683,684,689,690,691,692,693,694,695,696,697,593,594,595,596,597,598,599,600,601,602,603,604,605,606,607,608,609,610,611,612,613,614,615,616,617,618,619,620,621,622,623,624,625,626,627,628,629,630,631,632,633,634,635,636,637,638,639,640,641,642,643,644,645,646,647,648,649,650,651,652,653,654,655,656,657,658,659,660,661,662,663,664,665,666,667,668,669,670,671,672,673,674,675,676
874,875,876,877,849,850,851,852,863,864,865,866,867,868,869,870,824,825,826,827,828,829,830,831,843,807,808,809,810,811,812,813,814,537,558,566,577,578,579,580,581,582,583,584,434,435,436,437,438,439,440,441,442,443,444,445,446,447,448,449,450,451,452,453,454,455,456,457,458,459,465,467,470,474,475,476,477,478,479,480,481,482,483,484,485,530,531,532,533,534,535,536,538,539,540,541,542,543,544,548,357,363,364,419,427,428,93,95,127,135,208,209,211,212,213,214,215,223,224,225,226,227,228,229,230,236,237,238,239,240,241,242,244,249,250,251,252,253,254,255,256,257,258,262,263,264,265,271,272,273,274,275,276,394,395,396,397,398,399,400,401,402,403,404,405,406,407,409,410,411,412,413,414,415,416,417,418,420,422,424,425,426,429,430,92,138,140,198,199,200,201,677,678,679,680,681,682,683,684,689,690,691,692,693,694,695,696,697,593,594,595,596,597,598,599,600,601,602,603,604,605,606,607,608,609,610,611,612,613,614,615,616,617,618,619,620,621,622,623,624,625,626,627,628,629,630,631,632,633,634,635,636,637,638,639,640,641,642,643,644,645,646,647,648,649,650,651,652,653,654,655,656,657,658,659,660,661,662,663,664,665,666,667,668,669,670,671,672,673,674,675,676
874,875,876,877,849,850,851,852,863,864,865,866,867,868,869,870,824,825,826,827,828,829,830,831,843,807,808,809,810,811,812,813,814,537,558,566,577,578,579,580,581,582,583,584,434,435,436,437,438,439,440,441,442,443,444,445,446,447,448,449,450,451,452,453,454,455,456,457,458,465,530,531,532,533,534,535,536,538,539,540,541,542,543,544,357,363,364,419,427,428,93,95,127,135,208,209,211,212,213,214,215,224,225,226,227,230,236,237,238,239,240,241,242,244,249,250,251,252,253,254,255,256,257,258,262,263,264,265,271,272,273,274,275,276,396,397,400,401,402,403,404,405,406,407,409,410,411,412,413,414,415,416,417,418,420,422,424,425,426,429,430,92,138,140,677,678,679,680,681,682,683,684,689,690,691,692,693,694,695,696,697,593,594,595,596,597,598,599,600,601,602,603,604,605,606,607,608,609,610,611,612,613,614,615,616,617,618,619,620,621,622,623,624,625,626,627,628,629,630,631,632,633,634,635,636,637,638,639,640,641,642,643,644,645,646,647,648,649,650,651,652,653,654,655,656,657,658,659,660,661,662,663,664,665,666,667,668,669,670,671,672,673,674,675,676
874,875,876,877,849,850,851,852,863,864,865,866,867,868,869,870,824,825,826,827,828,829,830,831,843,807,808,809,810,811,812,813,814,537,558,566,577,578,579,580,581,582,583,584,434,435,436,437,438,439,440,441,442,443,444,445,446,447,448,449,450,451,452,453,454,455,456,457,458,463,465,530,531,532,533,534,535,536,538,539,540,541,542,543,544,357,363,364,419,427,428,93,95,127,135,208,209,211,212,213,214,215,224,225,226,227,230,236,237,238,239,240,241,242,244,249,250,251,252,253,254,255,256,257,258,262,263,264,265,271,272,273,274,275,276,396,397,400,401,402,403,404,405,406,407,409,410,411,412,413,414,415,416,417,418,420,422,424,425,426,429,430,92,138,140,677,678,679,680,681,682,683,684,689,690,691,692,693,694,695,696,697,593,594,595,596,597,598,599,600,601,602,603,604,605,606,607,608,609,610,611,612,613,614,615,616,617,618,619,620,621,622,623,624,625,626,627,628,629,630,631,632,633,634,635,636,637,638,639,640,641,642,643,644,645,646,647,648,649,650,651,652,653,654,655,656,657,658,659,660,661,662,663,664,665,666,667,668,669,670,671,672,673,674,675,676
824,825,826,827,828,829,830,831,537,558,566,577,578,579,580,581,582,583,584,431,432,433,434,435,538,544,357,419,427,428,93,95,127,135,211,212,213,214,215,224,225,226,227,230,236,237,238,239,240,241,242,244,249,250,251,252,253,254,255,256,257,258,262,263,264,265,271,272,273,274,275,276,396,397,400,401,402,403,404,405,406,407,409,410,411,412,413,414,415,416,417,418,420,422,424,425,426,429,430,92,138,140,677,678,679,680,681,682,683,684,689,690,691,692,693,694,695,696,697,593,594,595,596,597,598,599,600,601,602,603,604,605,606,607,608,609,610,611,612,613,614,615,616,617,618,619,620,621,622,623,624,625,626,627,628,629,630,631,632,633,634,635,636,637,638,639,640,641,642,643,644,645,646,647,648,649,650,651,652,653,654,655,656,657,658,659,660,661,662,663,664,665,666,667,668,669,670,671,672,673,674,675,676
824,825,826,827,828,829,830,831,537,545,547,558,566,577,578,579,580,581,582,583,584,587,588,589,590,591,434,435,538,544,357,419,427,428,93,95,127,135,211,212,213,214,215,224,225,226,227,230,236,237,238,239,240,241,242,244,249,250,251,252,253,254,255,256,257,258,262,263,264,265,271,272,273,274,275,276,396,397,400,401,402,403,404,405,406,407,409,410,411,412,413,414,415,416,417,418,420,422,424,425,426,429,430,92,138,140,677,678,679,680,681,682,683,684,689,690,691,692,693,694,695,696,697,593,594,595,596,597,598,599,600,601,602,603,604,605,606,607,608,609,610,611,612,613,614,615,616,617,618,619,620,621,622,623,624,625,626,627,628,629,630,631,632,633,634,635,636,637,638,639,640,641,642,643,644,645,646,647,648,649,650,651,652,653,654,655,656,657,658,659,660,661,662,663,664,665,666,667,668,669,670,671,672,673,674,675,676
824,825,826,827,828,829,830,831,537,558,566,577,578,579,580,581,582,583,584,434,435,538,544,549,553,554,555,556,557,570,571,574,357,363,364,419,427,428,93,95,127,135,211,212,213,214,215,224,225,226,227,230,236,237,238,239,240,241,242,244,249,250,251,252,253,254,255,256,257,258,262,263,264,265,271,272,273,274,275,276,396,397,400,401,402,403,404,405,406,407,409,410,411,412,413,414,415,416,417,418,420,422,424,425,426,429,430,92,138,140,677,678,679,680,681,682,683,684,689,690,691,692,693,694,695,696,697,593,594,595,596,597,598,599,600,601,602,603,604,605,606,607,608,609,610,611,612,613,614,615,616,617,618,619,620,621,622,623,624,625,626,627,628,629,630,631,632,633,634,635,636,637,638,639,640,641,642,643,644,645,646,647,648,649,650,651,652,653,654,655,656,657,658,659,660,661,662,663,664,665,666,667,668,669,670,671,672,673,674,675,676
824,825,826,827,828,829,830,831,537,558,566,577,578,579,580,581,582,583,584,434,435,538,544,549,570,571,574,357,363,364,419,427,428,93,95,127,135,211,212,213,214,215,224,225,226,227,230,236,237,238,239,240,241,242,244,249,250,251,252,253,254,255,256,257,258,262,263,264,265,271,272,273,274,275,276,396,397,400,401,402,403,404,405,406,407,409,410,411,412,413,414,415,416,417,418,420,422,424,425,426,429,430,92,138,140,677,678,679,680,681,682,683,684,689,690,691,692,693,694,695,696,697,593,594,595,596,597,598,599,600,601,602,603,604,605,606,607,608,609,610,611,612,613,614,615,616,617,618,619,620,621,622,623,624,625,626,627,628,629,630,631,632,633,634,635,636,637,638,639,640,641,642,643,644,645,646,647,648,649,650,651,652,653,654,655,656,657,658,659,660,661,662,663,664,665,666,667,668,669,670,671,672,673,674,675,676
824,825,826,827,828,829,830,831,537,558,566,577,578,579,580,581,582,583,584,434,435,538,544,549,559,560,561,562,563,564,568,569,574,357,363,364,419,427,428,93,95,127,135,211,212,213,214,215,224,225,226,227,230,236,237,238,239,240,241,242,244,249,250,251,252,253,254,255,256,257,258,262,263,264,265,271,272,273,274,275,276,396,397,400,401,402,403,404,405,406,407,409,410,411,412,413,414,415,416,417,418,420,422,424,425,426,429,430,92,138,140,677,678,679,680,681,682,683,684,689,690,691,692,693,694,695,696,697,593,594,595,596,597,598,599,600,601,602,603,604,605,606,607,608,609,610,611,612,613,614,615,616,617,618,619,620,621,622,623,624,625,626,627,628,629,630,631,632,633,634,635,636,637,638,639,640,641,642,643,644,645,646,647,648,649,650,651,652,653,654,655,656,657,658,659,660,661,662,663,664,665,666,667,668,669,670,671,672,673,674,675,676
824,825,826,827,828,829,830,831,537,558,566,577,578,579,580,581,582,583,584,434,435,538,544,549,550,551,552,568,569,570,571,572,573,574,357,363,364,419,427,428,93,95,127,135,211,212,213,214,215,224,225,226,227,230,236,237,238,239,240,241,242,244,249,250,251,252,253,254,255,256,257,258,262,263,264,265,271,272,273,274,275,276,396,397,400,401,402,403,404,405,406,407,409,410,411,412,413,414,415,416,417,418,420,422,424,425,426,429,430,92,138,140,677,678,679,680,681,682,683,684,689,690,691,692,693,694,695,696,697,593,594,595,596,597,598,599,600,601,602,603,604,605,606,607,608,609,610,611,612,613,614,615,616,617,618,619,620,621,622,623,624,625,626,627,628,629,630,631,632,633,634,635,636,637,638,639,640,641,642,643,644,645,646,647,648,649,650,651,652,653,654,655,656,657,658,659,660,661,662,663,664,665,666,667,668,669,670,671,672,673,674,675,676
824,825,826,827,828,829,830,831,537,558,566,577,578,579,580,581,582,583,584,434,435,538,544,549,568,569,574,357,363,364,419,427,428,93,95,127,135,211,212,213,214,215,224,225,226,227,230,236,237,238,239,240,241,242,244,249,250,251,252,253,254,255,256,257,258,262,263,264,265,271,272,273,274,275,276,396,397,400,401,402,403,404,405,406,407,409,410,411,412,413,414,415,416,417,418,420,422,424,425,426,429,430,92,138,140,677,678,679,680,681,682,683,684,689,690,691,692,693,694,695,696,697,593,594,595,596,597,598,599,600,601,602,603,604,605,606,607,608,609,610,611,612,613,614,615,616,617,618,619,620,621,622,623,624,625,626,627,628,629,630,631,632,633,634,635,636,637,638,639,640,641,642,643,644,645,646,647,648,649,650,651,652,653,654,655,656,657,658,659,660,661,662,663,664,665,666,667,668,669,670,671,672,673,674,675,676
824,825,826,827,828,829,830,831,537,558,566,577,578,579,580,581,582,583,584,434,435,538,544,549,565,567,568,569,574,357,363,364,419,427,428,93,95,127,135,211,212,213,214,215,224,225,226,227,230,236,237,238,239,240,241,242,244,249,250,251,252,253,254,255,256,257,258,262,263,264,265,271,272,273,274,275,276,396,397,400,401,402,403,404,405,406,407,409,410,411,412,413,414,415,416,417,418,420,422,424,425,426,429,430,92,138,140,677,678,679,680,681,682,683,684,689,690,691,692,693,694,695,696,697,593,594,595,596,597,598,599,600,601,602,603,604,605,606,607,608,609,610,611,612,613,614,615,616,617,618,619,620,621,622,623,624,625,626,627,628,629,630,631,632,633,634,635,636,637,638,639,640,641,642,643,644,645,646,647,648,649,650,651,652,653,654,655,656,657,658,659,660,661,662,663,664,665,666,667,668,669,670,671,672,673,674,675,676
357,419,427,428,93,95,127,135,138,140,677,678,679,680,681
357,419,427,428,93,95,127,135,211,212,213,214,215,224,225,226,227,262,263,264,265,272,273,274,275,138,140,677,678,679,680,681,682,683,684,689,690
357,419,427,428,93,95,127,135,211,212,213,214,215,224,225,226,227,262,263,264,265,272,273,274,275,138,140,677,678,679,680,681,682,683,684,685,686,687,689,690
357,419,427,428,93,95,127,135,211,212,213,214,215,224,225,226,227,262,263,264,265,272,273,274,275,138,140,677,678,679,680,681,682,683,684,688,689,690
357,419,427,428,93,95,127,135,211,212,213,214,215,224,225,226,227,262,263,264,265,272,273,274,275,138,140,677,678,679,680,681,682,683,684,689,690,691,692,693,694,695,696,697,593,598,599,612,613,624,625,638,639,640,641,642,643,644,645,646,647,648,649,651,652
357,419,427,428,93,95,127,135,211,212,213,214,215,224,225,226,227,262,263,264,265,272,273,274,275,138,140,677,678,679,680,681,682,683,684,689,690,691,692,693,694,695,696,697,593,600,601,608,609,624,625,653,654,655,656,657,658,659,660,661,662,663,664,665,666,667,668,669,670,671,672
357,419,427,428,93,95,127,135,211,212,213,214,215,224,225,226,227,230,262,263,264,265,272,273,274,275,396,397,400,138,140,677,678,679,680,681,682,683,684,689,690,691,692,693,694,695,696,697,593,594,595,598,599,608,609,612,613,624,625,626,627,628,629,630,631,632,633,634,638,639,640,641,642,643,644,645,646,647,648,649,651,652,669,670,671,672
357,419,427,428,93,95,127,135,211,212,213,214,215,224,225,226,227,230,262,263,264,265,272,273,274,275,396,397,400,138,140,677,678,679,680,681,682,683,684,689,690,691,692,693,694,695,696,697,593,594,595,608,609,612,613,624,625,626,627,628,629,630,631,632,633,634,669,670,671,672
357,419,427,428,93,95,127,135,211,212,213,214,215,224,225,226,227,262,263,264,265,272,273,274,275,138,140,677,678,679,680,681,682,683,684,689,690
357,419,427,428,93,95,127,135,211,212,213,214,215,224,225,226,227,262,263,264,265,272,273,274,275,138,140,677,678,679,680,681,682,683,684,689,690,691,692,693,694,695,696,697,593,598,599,612,613,624,625,638,639,640,641,642,643,644,645,646,647,648,649,651,652
357,419,427,428,93,95,127,135,211,212,213,214,215,224,225,226,227,262,263,264,265,272,273,274,275,138,140,677,678,679,680,681,682,683,684,689,690,694,695,696,697,593,598,599,612,613,624,625,638,639,640,641,642,643,644,645,646,647,648,649,651,652
357,419,427,428,93,95,127,135,211,212,213,214,215,224,225,226,227,262,263,264,265,272,273,274,275,138,140,677,678,679,680,681,682,683,684,689,690,691,692,693,694,695,696,697,593,620,621,624,625
357,419,427,428,93,95,127,135,211,212,213,214,215,224,225,226,227,262,263,264,265,272,273,274,275,138,140,677,678,679,680,681,682,683,684,689,690,691,692,693,694,695,696,697,593,610,611,624,625,673,674
357,419,427,428,93,95,127,135,211,212,213,214,215,224,225,226,227,230,262,263,264,265,272,273,274,275,396,397,400,138,140,677,678,679,680,681,682,683,684,689,690,691,692,693,694,695,696,697,593,594,595,598,599,600,601,608,609,610,611,612,613,614,615,616,617,618,619,620,621,624,625,626,627,628,629,630,631,632,633,634,638,639,640,641,642,643,644,645,646,647,648,649,651,652,653,654,655,656,657,658,659,660,661,662,663,664,665,666,667,668,669,670,671,672,673,674
357,419,427,428,93,95,127,135,211,212,213,214,215,224,225,226,227,262,263,264,265,272,273,274,275,138,140,677,678,679,680,681,682,683,684,689,690,691,692,693,694,695,696,697,593,618,619,624,625
357,419,427,428,93,95,127,135,211,212,213,214,215,224,225,226,227,262,263,264,265,272,273,274,275,276,424,138,140,677,678,679,680,681,682,683,684,689,690,691,692,693,694,695,696,697,593,596,597,624,625,635,636,637
357,419,427,428,93,95,127,135,211,212,213,214,215,224,225,226,227,262,263,264,265,271,272,273,274,275,138,140,677,678,679,680,681,682,683,684,689,690,691,692,693,694,695,696,697,593,606,607,624,625,675,676
357,419,427,428,93,95,127,135,211,212,213,214,215,224,225,226,227,262,263,264,265,272,273,274,275,138,140,677,678,679,680,681,682,683,684,689,690,691,692,693,694,695,696,697,593,616,617,624,625
357,419,427,428,93,95,127,135,211,212,213,214,215,224,225,226,227,262,263,264,265,272,273,274,275,138,140,677,678,679,680,681,682,683,684,689,690,691,692,693,694,695,696,697,593,612,613,624,625
357,419,427,428,93,95,127,135,211,212,213,214,215,224,225,226,227,262,263,264,265,272,273,274,275,138,140,677,678,679,680,681,682,683,684,689,690,691,692,693,694,695,696,697,593,614,615,624,625
357,419,427,428,93,95,127,135,211,212,213,214,215,224,225,226,227,262,263,264,265,272,273,274,275,138,140,677,678,679,680,681,682,683,684,689,690,691,692,693,694,695,696,697,593,600,601,608,609,624,625,653,654,655,656,657,658,659,660,661,662,663,664,665,666,667,668,669,670,671,672
357,419,427,428,93,95,127,135,211,212,213,214,215,224,225,226,227,262,263,264,265,272,273,274,275,138,140,677,678,679,680,681,682,683,684,689,690,694,695,696,697,593,600,601,608,609,624,625,653,654,655,656,657,658,659,660,661,662,663,664,665,666,667,668,669,670,671,672
357,419,427,428,93,95,127,135,211,212,213,214,215,224,225,226,227,230,262,263,264,265,272,273,274,275,396,397,400,138,140,677,678,679,680,681,682,683,684,689,690,691,692,693,694,695,696,697,593,594,595,598,599,600,601,608,609,610,611,612,613,614,615,616,617,618,619,620,621,624,625,626,627,628,629,630,631,632,633,634,638,639,640,641,642,643,644,645,646,647,648,649,651,652,653,654,655,656,657,658,659,660,661,662,663,664,665,666,667,668,669,670,671,672,673,674
357,419,427,428,93,95,127,135,211,212,213,214,215,224,225,226,227,262,263,264,265,272,273,274,275,138,140,677,678,679,680,681,682,683,684,689,690,691,692,693,694,696,697,593,622,623,624,625
357,419,427,428,93,95,127,135,211,212,213,214,215,224,225,226,227,230,262,263,264,265,272,273,274,275,396,397,400,138,140,677,678,679,680,681,682,683,684,689,690,694,695,696,697,593,594,595,608,609,612,613,624,625,626,627,628,629,630,631,632,633,634,669,670,671,672
357,419,427,428,93,95,127,135,211,212,213,214,215,224,225,226,227,230,262,263,264,265,272,273,274,275,396,397,400,138,140,677,678,679,680,681,682,683,684,689,690,691,692,693,694,695,696,697,593,594,595,608,609,612,613,624,625,626,627,628,629,630,631,632,633,634,669,670,671,672
357,419,427,428,93,95,127,135,211,212,213,214,215,224,225,226,227,262,263,264,265,272,273,274,275,138,140,677,678,679,680,681,682,683,684,689,690,691,692,693,694,695,696,697,593,608,609,624,625,669,670,671,672
357,419,427,428,93,95,127,135,211,212,213,214,215,224,225,226,227,262,263,264,265,272,273,274,275,401,402,403,404,405,406,407,409,410,411,412,413,414,416,417,418,420,422,424,425,426,429,430,92,138,140,677,678,679,680,681,682,683,684,689,690,691,692,693,694,695,696,697,593,602,603,604,605,612,613,624,625,650
357,419,427,428,93,95,127,135,211,212,213,214,215,224,225,226,227,262,263,264,265,272,273,274,275,138,140,677,678,679,680,681,682,683,684,689,690,694,695,696,697,593,612,613,624,625
824,825,826,827,828,829,832,833,834,835,836,823,15,16,17,18,20,21,22,23,24,25,33,1,2,357,419,427,428,93,95,127,135,211,212,213,214,215,224,225,226,227,228,229,230,138,140,731,732,733,699,700,701,702,703,704,713,714,715,716,717,718,719,720
824,825,826,827,828,829,832,833,834,835,836,823,15,16,17,18,20,21,22,23,24,25,33,1,2,357,419,427,428,93,95,127,135,211,212,213,214,215,224,225,226,227,228,229,230,138,140,731,732,733,699,700,701,702,703,704,713,714,715,716,717,718,719,720
824,825,826,827,828,829,832,833,834,835,836,823,15,16,17,18,20,21,22,23,24,25,33,1,2,357,419,427,428,93,95,127,135,211,212,213,214,215,224,225,226,227,228,229,230,138,140,731,732,733,699,700,701,702,703,704,713,714,715,716,717,718,719,720
824,825,826,827,828,829,832,833,834,835,836,823,15,16,18,20,21,22,23,24,25,26,27,28,29,30,31,32,33,1,2,357,419,427,428,93,95,127,135,211,212,213,214,215,216,217,218,219,220,221,222,224,225,226,227,228,229,138,140,141,142,143,144,145,146,147,165,166,184,185,731,732,733,734,735,736,699,700,701,702,703,704,709,710,711,712
824,825,826,827,828,829,832,833,834,835,836,823,15,16,18,20,21,22,23,24,25,26,27,28,29,30,31,32,33,1,2,357,419,427,428,93,95,127,135,211,212,213,214,215,216,217,218,219,220,221,222,224,225,226,227,228,229,138,140,141,142,143,144,145,146,147,165,184,185,731,732,733,734,735,736,699,700,701,702,703,704,708,709,710,711,712
824,825,826,827,828,829,832,833,834,835,836,823,15,16,17,18,20,21,22,23,24,25,33,1,2,357,419,427,428,93,95,127,135,211,212,213,214,215,224,225,226,227,228,229,230,138,140,731,732,733,699,700,701,702,703,704,713,714,715,716,717,718,719,720
824,825,826,827,828,829,832,833,834,835,836,823,15,16,18,20,21,22,23,24,25,26,27,28,29,30,31,32,33,1,2,357,419,427,428,93,95,127,135,211,212,213,214,215,216,217,218,219,220,221,222,224,225,226,227,228,229,138,140,141,142,143,144,145,146,147,165,184,185,731,732,733,734,735,736,699,700,701,702,703,704
824,825,826,827,828,829,832,833,834,835,836,823,15,16,18,20,21,22,23,24,25,33,1,2,357,419,427,428,93,95,127,135,211,212,213,214,215,224,225,226,227,228,229,138,140,731,732,733,699,700,701,702,703,704
824,825,826,827,828,829,832,833,834,835,836,823,15,16,18,20,21,22,23,24,25,33,1,2,357,419,427,428,93,95,127,135,211,212,213,214,215,224,225,226,227,228,229,138,140,731,732,733,699,700,701,702,703,704
824,825,826,827,828,829,832,833,834,835,836,823,15,16,18,19,20,21,22,23,24,25,33,1,2,357,419,427,428,93,95,127,135,211,212,213,214,215,216,217,218,219,220,221,222,223,224,225,226,227,228,229,230,138,140,141,143,144,145,146,147,154,165,184,185,731,732,733,737,738,739,740,741,742,743,744,699,700,701,702,703,704
824,825,826,827,828,829,832,833,834,835,836,823,15,16,18,20,21,22,23,24,25,33,1,2,357,419,427,428,93,95,127,135,211,212,213,214,215,224,225,226,227,228,229,138,140,731,732,733,699,700,701,702,703,704
824,825,826,827,828,829,832,833,834,835,836,823,15,16,18,20,21,22,23,24,25,26,27,28,29,30,31,32,33,1,2,7,8,9,10,11,12,357,419,427,428,93,95,127,135,211,212,213,214,215,216,217,218,219,220,221,222,224,225,226,227,228,229,138,140,141,142,143,144,145,146,147,165,184,185,731,732,733,734,735,736,699,700,701,702,703,704,724,725,726
824,825,826,827,828,829,832,833,834,835,836,823,15,16,18,20,21,22,23,24,25,26,27,28,29,30,31,32,33,1,2,7,8,9,10,11,13,14,357,419,427,428,93,95,127,135,211,212,213,214,215,216,217,218,219,220,221,222,224,225,226,227,228,229,230,231,232,233,234,396,114,115,116,117,118,119,120,121,122,123,124,138,140,141,142,143,144,145,146,147,165,184,185,731,732,733,734,735,736,699,700,701,702,703,704,724,725,727,728,729,730
824,825,826,827,828,829,832,833,834,835,836,823,15,16,18,20,21,22,23,24,25,33,1,2,357,419,427,428,93,95,127,135,211,212,213,214,215,224,225,226,227,228,229,230,138,140,731,732,733,746,698,699,700,701,702,703,704
824,825,826,827,828,829,832,833,834,835,836,823,15,16,18,20,21,22,23,24,25,33,1,2,357,419,427,428,93,95,127,135,211,212,213,214,215,224,225,226,227,228,229,230,138,140,731,732,733,745,746,698,699,700,701,702,703,704
824,825,826,827,828,829,832,833,834,835,836,823,15,16,18,20,21,22,23,24,25,33,1,2,357,419,427,428,93,95,127,135,211,212,213,214,215,224,225,226,227,228,229,138,140,731,732,733,699,700,701,702,703,704,706,707
824,825,826,827,828,829,832,833,834,835,836,823,15,16,18,20,21,22,23,24,25,33,1,2,357,419,427,428,93,95,127,135,211,212,213,214,215,224,225,226,227,228,229,138,140,731,732,733,699,700,701,702,703,704,705,706,707
824,825,826,827,828,829,832,833,834,835,836,823,15,16,18,20,21,22,23,24,25,33,1,2,357,419,427,428,93,95,127,135,211,212,213,214,215,224,225,226,227,228,229,138,140,731,732,733,699,700,701,702,703,704,705,706,707
824,825,826,827,828,829,832,833,834,835,836,818,819,820,821,823,15,16,18,20,21,22,23,24,25,33,1,2,3,4,5,6,357,419,427,428,93,95,127,135,211,212,213,214,215,224,225,226,227,228,229,230,235,396,96,97,98,99,100,101,102,103,104,111,112,138,140,731,732,733,699,700,701,702,703,704,721,722,723
824,825,826,827,828,829,832,833,834,835,836,818,819,820,821,823,15,16,18,20,21,22,23,24,25,33,1,2,3,4,5,6,357,419,427,428,93,95,127,135,211,212,213,214,215,224,225,226,227,228,229,230,235,396,96,97,98,99,100,101,102,103,104,111,112,138,140,731,732,733,699,700,701,702,703,704,721,722,723
824,825,826,827,828,829,832,833,834,835,836,823,15,16,18,20,21,22,23,24,25,26,27,28,29,30,31,32,33,1,2,357,419,427,428,93,95,127,135,211,212,213,214,215,216,217,218,219,220,221,222,224,225,226,227,228,229,138,140,141,142,143,144,145,146,147,165,166,184,185,731,732,733,734,735,736,699,700,701,702,703,704,708,709,710,711,712
824,825,826,827,828,829,832,833,834,835,836,823,15,16,18,20,21,22,23,24,25,33,1,2,357,419,427,428,93,95,127,135,211,212,213,214,215,224,225,226,227,228,229,138,140,731,732,733,699,700,701,702,703,704
824,825,826,827,828,829,832,833,834,835,836,823,15,16,17,18,19,20,21,22,23,24,25,33,1,2,357,419,427,428,93,95,127,135,211,212,213,214,215,216,217,218,219,220,221,222,223,224,225,226,227,228,229,230,138,140,141,143,144,145,146,147,154,165,184,185,731,732,733,737,738,739,740,741,742,743,744,699,700,701,702,703,704,713,714,715,716,717,718,719,720
824,825,826,827,828,829,832,833,834,835,836,823,15,16,18,20,21,22,23,24,25,33,1,2,357,419,427,428,93,95,127,135,211,212,213,214,215,224,225,226,227,228,229,138,140,731,732,733,699,700,701,702,703,704
824,825,826,827,828,829,832,833,834,835,836,823,15,16,18,20,21,22,23,24,25,33,1,2,357,419,427,428,93,95,127,135,211,212,213,214,215,224,225,226,227,228,229,138,140,731,732,733,699,700,701,702,703,704
824,825,826,827,828,829,832,833,834,835,836,823,15,16,18,20,21,22,23,24,25,33,1,2,357,419,427,428,93,95,127,135,211,212,213,214,215,224,225,226,227,228,229,138,140,731,732,733,699,700,701,702,703,704
76,79,83,90,39,46,58,59,67,68
76,77,83,90,39,46,58,59,67,68
76,78,83,90,39,46,58,59,67,68
76,82,83,90,39,46,58,59,67,68
76,80,81,83,90,39,46,58,59,67,68
76,83,90,39,46,50,51,52,58,59,67,68,71,72
76,83,90,39,46,58,59,67,68,69
76,83,90,39,46,58,59,67,68,70
76,83,90,39,46,58,59,67,68,75
76,83,90,39,46,53,54,55,56,58,59,67,68,73,74
76,83,90,39,43,46,58,59,62,63,67,68
76,83,90,39,46,58,59,60,67,68
76,83,90,39,46,58,59,61,67,68
76,83,90,39,46,58,59,66,67,68
76,83,90,39,44,46,58,59,64,65,67,68
76,83,90,35,39,46,58,59,67,68
76,83,90,36,39,46,58,59,67,68
76,83,90,91,39,46,58,59,67,68
76,83,90,34,39,46,58,59,67,68
76,83,90,38,39,46,58,59,67,68
76,83,90,37,39,46,58,59,67,68
76,83,86,90,39,46,58,59,67,68
76,83,87,90,39,46,58,59,67,68
76,83,84,90,39,46,58,59,67,68
76,83,85,90,39,46,58,59,67,68
76,83,89,90,39,46,58,59,67,68
76,83,88,90,39,46,58,59,67,68
76,83,90,39,46,49,58,59,67,68
76,83,90,39,46,50,51,52,58,59,67,68
76,83,90,39,46,47,58,59,67,68
76,83,90,39,46,48,58,59,67,68
76,83,90,39,46,57,58,59,67,68
76,83,90,39,46,53,54,55,56,58,59,67,68
76,83,90,39,42,46,58,59,67,68
76,83,90,39,43,46,58,59,67,68
76,83,90,39,40,46,58,59,67,68
76,83,90,39,41,46,58,59,67,68
76,83,90,39,45,46,58,59,67,68
76,83,90,39,44,46,58,59,67,68
824,825,826,827,828,829,832,833,834,835,836,837,838,839,840,841,842,807,808,812,813,814,823
824,825,826,827,828,829,832,833,834,835,836,837,838,839,840,841,842,807,808,809,810,811,812,813,814,823
824,825,826,827,828,829,832,833,834,835,836,837,838,839,840,841,842,807,808,809,810,811,812,813,814,823
824,825,826,827,828,829,832,833,834,835,836,837,838,839,840,841,842,807,808,809,810,811,812,813,814,823
824,825,826,827,828,829,832,833,834,835,836,807,808,812,813,814,823
824,825,826,827,828,829,832,833,834,835,836,807,808,812,813,814,823
824,825,826,827,828,829,832,833,834,835,836,807,808,812,813,814,823
824,825,826,827,828,829,832,833,834,835,836,807,808,812,813,814,823
824,825,826,827,828,829,832,833,834,835,836,807,808,809,810,811,812,813,814,823
824,825,826,827,828,829,832,833,834,835,836,807,808,809,810,811,812,813,814,823
824,825,826,827,828,829,832,833,834,835,836,807,808,809,810,811,812,813,814,823
824,825,826,827,828,829,832,833,834,835,836,807,808,809,810,811,812,813,814,823
824,825,826,827,828,829,832,833,834,835,836,807,808,809,810,811,812,813,814,823
824,825,826,827,828,829,832,833,834,835,836,807,808,809,810,811,812,813,814,823
824,825,826,827,828,829,832,833,834,835,836,807,808,809,810,811,812,813,814,823
824,825,826,827,828,829,832,833,834,835,836,807,808,809,810,811,812,813,814,823
824,825,826,827,828,829,832,833,834,835,836,807,808,812,813,814,823
824,825,826,827,828,829,832,833,834,835,836,807,808,812,813,814,823
824,825,826,827,828,829,832,833,834,835,836,807,808,812,813,814,823
824,825,826,827,828,829,832,833,834,835,836,807,808,812,813,814,823
824,825,826,827,828,829,832,833,834,835,836,807,808,809,810,811,812,813,814,823
824,825,826,827,828,829,832,833,834,835,836,807,808,809,810,811,812,813,814,823
824,825,826,827,828,829,832,833,834,835,836,807,808,809,810,811,812,813,814,823
824,825,826,827,828,829,832,833,834,835,836,807,808,809,810,811,812,813,814,823
824,825,826,827,828,829,832,833,834,835,836,837,838,839,840,841,842,823
824,825,826,827,828,829,832,833,834,835,836,837,838,839,840,841,842,823
824,825,826,827,828,829,832,833,834,835,836,837,838,839,840,841,842,823
824,825,826,827,828,829,832,833,834,835,836,837,838,839,840,841,842,823
824,825,826,827,828,829,832,833,834,835,836,837,838,839,840,841,842,823
824,825,826,827,828,829,832,833,834,835,836,837,838,839,840,841,842,823
824,825,826,827,828,829,832,833,834,835,836,837,838,839,840,841,842,823
824,825,826,827,828,829,832,833,834,835,836,837,838,839,840,841,842,823
824,825,826,827,828,829,832,833,834,835,836,837,838,839,840,841,842,823
824,825,826,827,828,829,832,833,834,835,836,837,838,839,840,841,842,823
824,825,826,827,828,829,832,833,834,835,836,837,838,839,840,841,842,823
824,825,826,827,828,829,832,833,834,835,836,837,838,839,840,841,842,823
824,825,826,827,828,829,832,833,834,835,836,837,838,839,840,841,842,823
824,825,826,827,828,829,832,833,834,835,836,837,838,839,840,841,842,823
824,825,826,827,828,829,832,833,834,835,836,837,838,839,840,841,842,823
824,825,826,827,828,829,832,833,834,835,836,837,838,839,840,841,842,823
824,825,826,827,828,829,832,833,834,835,836,837,838,839,840,841,842,823
824,825,826,827,828,829,832,833,834,835,836,837,838,839,840,841,842,823
824,825,826,827,828,829,832,833,834,835,836,837,838,839,840,841,842,823
824,825,826,827,828,829,832,833,834,835,836,837,838,839,840,841,842,823
874,875,876,877,878,879,880,851,852,859,860,863,864,865,866,867,868,869,870
874,875,876,877,878,879,880,851,852,859,860,863,864,865,866,867,868,869,870
874,875,876,877,878,879,880,851,852,859,860,863,864,865,866,867,868,869,870
874,875,876,877,881,882,851,852,859,860,863,864,865,866,867,868,869,870,871,872,873
874,875,876,877,881,882,851,852,859,860,863,864,865,866,867,868,869,870,871,872,873
874,875,876,877,881,882,851,852,859,860,863,864,865,866,867,868,869,870,871,872,873
874,875,876,877,881,882,851,852,859,860,863,864,865,866,867,868,869,870
874,875,876,877,881,882,851,852,859,860,863,864,865,866,867,868,869,870
874,875,876,877,881,882,851,852,859,860,863,864,865,866,867,868,869,870
874,875,876,877,883,884,851,852,859,860,863,864,865,866,867,868,869,870
874,875,876,877,883,884,851,852,859,860,863,864,865,866,867,868,869,870
874,875,876,877,883,884,851,852,859,860,863,864,865,866,867,868,869,870
874,875,876,877,885,886,887,888,889,890,891,892,893,851,852,859,860,863,864,865,866,867,868,869,870
874,875,876,877,885,886,887,888,889,890,891,892,893,851,852,859,860,863,864,865,866,867,868,869,870
874,875,876,877,885,886,887,888,889,890,891,892,893,851,852,859,860,863,864,865,866,867,868,869,870
874,875,876,877,847,848,851,852,859,860,863,864,865,866,867,868,869,870,871,872,873
874,875,876,877,847,848,851,852,859,860,863,864,865,866,867,868,869,870,871,872,873
874,875,876,877,847,848,851,852,859,860,863,864,865,866,867,868,869,870,871,872,873
874,875,876,877,849,850,851,852,859,860,863,864,865,866,867,868,869,870,871,872,873
874,875,876,877,849,850,851,852,859,860,863,864,865,866,867,868,869,870,871,872,873
874,875,876,877,849,850,851,852,859,860,863,864,865,866,867,868,869,870,871,872,873
874,875,876,877,849,850,851,852,859,860,863,864,865,866,867,868,869,870
874,875,876,877,849,850,851,852,859,860,863,864,865,866,867,868,869,870
874,875,876,877,849,850,851,852,859,860,863,864,865,866,867,868,869,870
874,875,876,877,851,852,853,854,859,860,863,864,865,866,867,868,869,870
874,875,876,877,851,852,853,854,859,860,863,864,865,866,867,868,869,870
874,875,876,877,851,852,853,854,859,860,863,864,865,866,867,868,869,870
874,875,876,877,851,852,855,856,859,860,863,864,865,866,867,868,869,870
874,875,876,877,851,852,855,856,859,860,863,864,865,866,867,868,869,870
874,875,876,877,851,852,855,856,859,860,863,864,865,866,867,868,869,870
874,875,876,877,894,895,896,844,845,846,851,852,859,860,863,864,865,866,867,868,869,870
874,875,876,877,894,895,896,844,845,846,851,852,859,860,863,864,865,866,867,868,869,870
874,875,876,877,894,895,896,844,845,846,851,852,859,860,863,864,865,866,867,868,869,870
874,875,876,877,851,852,859,860,863,864,865,866,867,868,869,870
874,875,876,877,851,852,859,860,863,864,865,866,867,868,869,870
874,875,876,877,851,852,859,860,863,864,865,866,867,868,869,870
874,875,876,877,851,852,857,858,859,860,863,864,865,866,867,868,869,870,871,872,873
874,875,876,877,851,852,857,858,859,860,863,864,865,866,867,868,869,870,871,872,873
874,875,876,877,851,852,857,858,859,860,863,864,865,866,867,868,869,870,871,872,873
874,875,876,877,851,852,859,860,863,864,865,866,867,868,869,870
874,875,876,877,851,852,859,860,863,864,865,866,867,868,869,870
874,875,876,877,851,852,859,860,863,864,865,866,867,868,869,870
874,875,876,877,851,852,859,860,861,862,863,864,865,866,867,868,869,870
874,875,876,877,851,852,859,860,861,862,863,864,865,866,867,868,869,870
874,875,876,877,851,852,859,860,861,862,863,864,865,866,867,868,869,870
