752,753,754,765,766,767,768,769,770,771,772
752,753,754,765,766,767,768,769,770,771,772
752,753,754,765,766,767,768,769,770,771,772
752,753,754,770,771,772,779,780,781,782,783,784,785,786,787,788,789
752,753,754,770,771,772,779,780,781,782,783,784,785,786,787,788,789
752,753,754,770,771,772,779,780,781,782,783,784,785,786,787,788,789
752,753,754,770,771,772
752,753,754,755,756,757,758,759,770,771,772,779,780,781,788,789
752,753,754,755,756,757,758,759,770,771,772,779,780,781,788,789
752,753,754,755,756,757,758,759,770,771,772,779,780,781,788,789
752,753,754,760,761,762,763,764,770,771,772
752,753,754,760,761,762,763,764,770,771,772
752,753,754,760,761,762,763,764,770,771,772
752,753,754,755,756,757,758,759,770,771,772,775,776,777,778,779,780,781,788,789,746,747,751
752,753,754,755,756,757,758,759,770,771,772,775,776,777,778,779,780,781,788,789,746,747,751
752,753,754,755,756,757,758,759,770,771,772,775,776,777,778,779,780,781,788,789,746,747,751
752,753,754,770,771,772
752,753,754,770,771,772
752,753,754,770,771,772
752,753,754,770,771,772,775,776,777,778
752,753,754,770,771,772,775,776,777,778
752,753,754,770,771,772,775,776,777,778
752,753,754,770,771,772,779,780,781,788,789,746,747,751
752,753,754,770,771,772,779,780,781,788,789,746,747,751
752,753,754,770,771,772,746,748,749,750,751
752,753,754,770,771,772,779,780,781,788,789,746,747,751
752,753,754,770,771,772,779,780,781,788,789,746,747,751
752,753,754,770,771,772,779,780,781,788,789,746,747,751
752,753,754,770,771,772,779,780,781,788,789,746,747,751
752,753,754,770,771,772,779,780,781,788,789,746,747,751
752,753,754,770,771,772,779,780,781,788,789,746,747,751
752,753,754,770,771,772,779,780,781,788,789
752,753,754,770,771,772,779,780,781,788,789
752,753,754,770,771,772,779,780,781,782,783,784,785,786,787,788,789
752,753,754,770,771,772,779,780,781,788,789
752,753,754,770,771,772,779,780,781,788,789
752,753,754,770,771,772,779,780,781,788,789
752,753,754,770,771,772,779,780,781,788,789
752,753,754,770,771,772,779,780,781,788,789
752,753,754,770,771,772,779,780,781,788,789
752,753,754,770,771,772,773,774
752,753,754,770,771,772,773,774
752,753,754,770,771,772,773,774
752,753,754,770,771,772,775,776,777,778
752,753,754,770,771,772,775,776,777,778
752,753,754,770,771,772,775,776,777,778
791,792,793,794,795,796,797,798,799,800,801,802,803,804,805,790
791,792,793,794,795,796,797,798,799,800,801,802,803,804,805,790
791,792,793,794,795,796,797,798,799,800,801,802,803,804,805,790
791,792,793,794,795,796,802,803,804,805,790
791,792,793,794,795,796,802,803,804,805,790
791,792,793,794,795,796,802,803,804,805,790
797,798,799,800,801,802,803,804,805,790
797,798,799,800,801,802,803,804,805,790
797,798,799,800,801,802,803,804,805,790
792,793,794,795,796,802,803,804,805,790
792,793,794,795,796,802,803,804,805,790
792,793,794,795,796,802,803,804,805,790
791,792,793,794,795,796,802,803,804,805,790
791,792,793,794,795,796,802,803,804,805,790
791,792,793,794,795,796,802,803,804,805,790
791,792,793,794,795,796,802,803,804,805,790
791,792,793,794,795,796,802,803,804,805,790
791,792,793,794,795,796,802,803,804,805,790
821,822,823,824,825,826,829,830,831,832,833,820,356,426,427,92,94,126,134,177,185,188,194,196,202,203,210,211,212,213,214,223,224,225,226,235,236,237,238,239,240,241,243,252,253,254,255,256,257,258,259,260,265,266,267,268,269,271,272,273,274,137,139
821,822,823,824,825,826,829,830,831,832,833,820,356,426,427,92,94,126,134,177,185,188,194,196,202,203,210,211,212,213,214,223,224,225,226,235,236,237,238,239,240,241,242,243,248,249,250,251,252,253,254,255,256,257,258,259,260,265,266,267,268,269,271,272,273,274,112,113,114,115,124,125,127,128,129,130,131,132,133,137,139
821,822,823,824,825,826,829,830,831,832,833,820,356,426,427,92,94,126,134,177,185,188,194,196,202,203,210,211,212,213,214,223,224,225,226,235,236,237,238,239,240,241,243,252,253,254,255,256,257,258,259,260,265,266,267,268,269,271,272,273,274,112,113,115,136,137,139
821,822,823,824,825,826,829,830,831,832,833,820,356,426,427,92,94,126,134,177,185,188,194,196,202,203,210,211,212,213,214,223,224,225,226,229,235,236,237,238,239,240,241,243,252,253,254,255,256,257,258,259,260,265,266,267,268,269,271,272,273,274,395,112,113,115,116,117,118,119,120,121,136,137,139
821,822,823,824,825,826,829,830,831,832,833,819,820,356,426,427,92,94,126,134,177,185,188,194,196,202,203,210,211,212,213,214,223,224,225,226,229,235,236,237,238,239,240,241,243,252,253,254,255,256,257,258,259,260,265,266,267,268,269,271,272,273,274,395,112,113,114,115,116,117,118,119,120,121,122,123,135,136,137,139
821,822,823,824,825,826,829,830,831,832,833,819,820,356,426,427,92,94,126,134,177,185,188,194,196,202,203,210,211,212,213,214,223,224,225,226,235,236,237,238,239,240,241,243,252,253,254,255,256,257,258,259,260,265,266,267,268,269,271,272,273,274,112,113,115,135,137,139
821,822,823,824,825,826,829,830,831,832,833,820,536,576,577,578,579,580,581,582,583,433,434,537,543,356,426,427,92,94,126,134,177,185,188,194,196,202,203,210,211,212,213,214,223,224,225,226,235,236,237,238,239,240,241,243,252,253,254,255,256,257,258,259,260,265,266,267,268,269,271,272,273,274,276,137,139
821,822,823,824,825,826,829,830,831,832,833,820,536,576,577,578,579,580,581,582,583,433,434,537,543,356,426,427,92,94,126,134,177,185,188,194,196,202,203,210,211,212,213,214,223,224,225,226,235,236,237,238,239,240,241,243,252,253,254,255,256,257,258,259,260,265,266,267,268,269,271,272,273,274,277,137,139
821,822,823,824,825,826,829,830,831,832,833,820,356,426,427,92,94,126,134,177,185,188,194,196,202,203,210,211,212,213,214,223,224,225,226,235,236,237,238,239,240,241,243,252,253,254,255,256,257,258,259,260,265,266,267,268,269,271,272,273,274,278,137,139,678,679,680,684,685,686,688,689
821,822,823,824,825,826,829,830,831,832,833,820,356,426,427,92,94,126,134,177,185,188,194,196,202,203,210,211,212,213,214,223,224,225,226,235,236,237,238,239,240,241,243,252,253,254,255,256,257,258,259,260,265,266,267,268,269,271,272,273,274,137,139,195
821,822,823,824,825,826,829,830,831,832,833,820,356,426,427,92,94,126,134,177,185,188,194,196,202,203,210,211,212,213,214,223,224,225,226,235,236,237,238,239,240,241,243,252,253,254,255,256,257,258,259,260,265,266,267,268,269,271,272,273,274,137,139,190
821,822,823,824,825,826,829,830,831,832,833,820,356,426,427,92,94,126,134,177,185,188,194,196,202,203,210,211,212,213,214,223,224,225,226,235,236,237,238,239,240,241,243,252,253,254,255,256,257,258,259,260,265,266,267,268,269,270,271,272,273,274,137,139,190,191,192,193
821,822,823,824,825,826,829,830,831,832,833,820,356,426,427,92,94,126,134,177,185,188,194,196,202,203,210,211,212,213,214,223,224,225,226,235,236,237,238,239,240,241,243,248,249,250,251,252,253,254,255,256,257,258,259,260,265,266,267,268,269,271,272,273,274,137,139,140,142,143,144,145,146,147,148,149,150,151,152,164
821,822,823,824,825,826,829,830,831,832,833,820,356,426,427,92,94,126,134,177,185,188,194,196,202,203,210,211,212,213,214,223,224,225,226,235,236,237,238,239,240,241,243,252,253,254,255,256,257,258,259,260,265,266,267,268,269,271,272,273,274,137,139,140,142,143,144,145,146,154,155,156,157,158,159,160
821,822,823,824,825,826,829,830,831,832,833,834,835,836,837,838,820,356,426,427,92,94,126,134,177,185,188,194,196,202,203,210,211,212,213,214,223,224,225,226,227,228,229,235,236,237,238,239,240,241,243,248,249,250,251,252,253,254,255,256,257,258,259,260,265,266,267,268,269,271,272,273,274,275,393,394,395,396,397,398,399,400,401,402,403,404,405,406,408,409,410,411,412,413,414,419,421,423,424,425,428,137,139,140,142,143,144,145,146,147,148,149,150,151,152,162,164,166,167,168,169,170,171,172,173,174,175,176,178,179,180,181,182,183,184,186,187,189,195,197,201
821,822,823,824,825,826,829,830,831,832,833,820,356,426,427,92,94,126,134,177,185,188,194,196,202,203,210,211,212,213,214,223,224,225,226,235,236,237,238,239,240,241,243,252,253,254,255,256,257,258,259,260,265,266,267,268,269,270,271,272,273,274,137,139,140,142,143,144,145,146,163,190,191,192,193
821,822,823,824,825,826,829,830,831,832,833,834,835,836,837,838,820,356,426,427,92,94,126,134,177,185,188,194,196,202,203,210,211,212,213,214,223,224,225,226,235,236,237,238,239,240,241,243,252,253,254,255,256,257,258,259,260,265,266,267,268,269,271,272,273,274,137,139,140,142,143,144,145,146,166,167,168,169,170,171,183,184,186,187
821,822,823,824,825,826,829,830,831,832,833,834,835,836,837,838,820,356,426,427,92,94,126,134,177,185,188,194,196,202,203,210,211,212,213,214,223,224,225,226,227,228,229,235,236,237,238,239,240,241,243,252,253,254,255,256,257,258,259,260,265,266,267,268,269,271,272,273,274,393,394,395,396,397,398,399,137,139,140,142,143,144,145,146,161,164,172,173,174,175,176,178,179,180,181,182,183,186,187,197,201
821,822,823,824,825,826,829,830,831,832,833,834,835,836,837,838,820,356,426,427,92,94,126,134,177,185,188,194,196,202,203,210,211,212,213,214,223,224,225,226,235,236,237,238,239,240,241,243,252,253,254,255,256,257,258,259,260,265,266,267,268,269,271,272,273,274,137,139,140,142,143,144,145,146,183,186,187
821,822,823,824,825,826,829,830,831,832,833,820,356,426,427,92,94,126,134,177,185,188,194,196,202,203,204,205,206,210,211,212,213,214,223,224,225,226,235,236,237,238,239,240,241,243,252,253,254,255,256,257,258,259,260,265,266,267,268,269,271,272,273,274,137,139
821,822,823,824,825,826,829,830,831,832,833,820,356,426,427,92,94,126,134,177,185,188,194,196,202,203,207,209,210,211,212,213,214,223,224,225,226,235,236,237,238,239,240,241,243,252,253,254,255,256,257,258,259,260,265,266,267,268,269,271,272,273,274,137,139
821,822,823,824,825,826,829,830,831,832,833,820,356,426,427,92,94,126,134,138,177,185,188,194,196,202,203,210,211,212,213,214,223,224,225,226,235,236,237,238,239,240,241,243,252,253,254,255,256,257,258,259,260,265,266,267,268,269,271,272,273,274,137,139
821,822,823,824,825,826,829,830,831,832,833,820,356,426,427,92,94,126,134,177,185,188,194,196,202,203,210,211,212,213,214,223,224,225,226,229,235,236,237,238,239,240,241,243,252,253,254,255,256,257,258,259,260,265,266,267,268,269,271,272,273,274,395,137,139
356,418,426,427,92,94,126,134,137,139
821,822,823,824,825,826,829,830,831,832,833,820,356,426,427,92,94,126,134,177,185,188,194,196,202,203,210,211,212,213,214,223,224,225,226,235,236,237,238,239,240,241,243,248,249,250,251,252,253,254,255,256,257,258,259,260,265,266,267,268,269,271,272,273,274,95,97,98,104,105,106,107,108,110,111,137,139
821,822,823,824,825,826,829,830,831,832,833,820,356,426,427,92,94,126,134,177,185,188,194,196,202,203,210,211,212,213,214,223,224,225,226,235,236,237,238,239,240,241,243,252,253,254,255,256,257,258,259,260,265,266,267,268,269,271,272,273,274,275,95,97,98,109,137,139
821,822,823,824,825,826,829,830,831,832,833,815,816,817,818,820,356,426,427,92,94,126,134,177,185,188,194,196,202,203,210,211,212,213,214,223,224,225,226,229,235,236,237,238,239,240,241,243,252,253,254,255,256,257,258,259,260,265,266,267,268,269,271,272,273,274,395,95,97,98,99,100,101,102,103,110,111,137,139
821,822,823,824,825,826,829,830,831,832,833,815,816,817,818,820,356,426,427,92,94,126,134,177,185,188,194,196,202,203,210,211,212,213,214,223,224,225,226,235,236,237,238,239,240,241,243,252,253,254,255,256,257,258,259,260,265,266,267,268,269,271,272,273,274,95,97,98,137,139
821,822,823,824,825,826,829,830,831,832,833,820,356,426,427,92,94,126,134,177,185,188,194,196,202,203,210,211,212,213,214,223,224,225,226,235,236,237,238,239,240,241,243,248,249,250,251,252,253,254,255,256,257,258,259,260,265,266,267,268,269,271,272,273,274,366,368,369,370,371,372,373,374,375,376,377,387,388,390,391,392,419,420,421,424,428,429,91,137,139
821,822,823,824,825,826,829,830,831,832,833,820,356,426,427,92,94,126,134,177,185,188,194,196,202,203,210,211,212,213,214,223,224,225,226,235,236,237,238,239,240,241,243,252,253,254,255,256,257,258,259,260,265,266,267,268,269,271,272,273,274,366,368,377,387,388,390,391,392,419,421,424,428,429,91,137,139
821,822,823,824,825,826,829,830,831,832,833,820,356,426,427,92,94,126,134,177,185,188,194,196,202,203,210,211,212,213,214,223,224,225,226,235,236,237,238,239,240,241,243,252,253,254,255,256,257,258,259,260,265,266,267,268,269,271,272,273,274,366,368,377,378,379,380,381,382,383,384,385,386,387,388,389,419,421,424,428,137,139
821,822,823,824,825,826,829,830,831,832,833,820,356,426,427,92,94,126,134,177,185,188,194,196,202,203,210,211,212,213,214,222,223,224,225,226,235,236,237,238,239,240,241,243,252,253,254,255,256,257,258,259,260,265,266,267,268,269,271,272,273,274,366,367,421,422,137,139
821,822,823,824,825,826,829,830,831,832,833,820,356,426,427,92,94,126,134,177,185,188,194,196,202,203,210,211,212,213,214,223,224,225,226,235,236,237,238,239,240,241,243,252,253,254,255,256,257,258,259,260,265,266,267,268,269,271,272,273,274,366,368,377,387,388,389,419,421,424,428,137,139
821,822,823,824,825,826,829,830,831,832,833,820,356,426,427,92,94,126,134,177,185,188,194,196,202,203,210,211,212,213,214,223,224,225,226,235,236,237,238,239,240,241,243,252,253,254,255,256,257,258,259,260,265,266,267,268,269,271,272,273,274,137,139,197,201
821,822,823,824,825,826,829,830,831,832,833,820,356,426,427,92,94,126,134,177,185,188,194,196,202,203,210,211,212,213,214,223,224,225,226,235,236,237,238,239,240,241,243,252,253,254,255,256,257,258,259,260,265,266,267,268,269,271,272,273,274,400,401,402,403,404,405,406,408,409,410,411,412,413,415,416,417,419,421,423,424,425,428,429,91,137,139
821,822,823,824,825,826,829,830,831,832,833,820,356,426,427,92,94,126,134,177,185,188,194,196,202,203,210,211,212,213,214,223,224,225,226,235,236,237,238,239,240,241,243,252,253,254,255,256,257,258,259,260,265,266,267,268,269,271,272,273,274,400,403,404,405,407,137,139
821,822,823,824,825,826,829,830,831,832,833,820,356,426,427,92,94,126,134,177,185,188,194,196,202,203,210,211,212,213,214,223,224,225,226,235,236,237,238,239,240,241,243,252,253,254,255,256,257,258,259,260,265,266,267,268,269,271,272,273,274,400,401,402,403,404,405,406,408,409,410,411,412,413,414,419,421,423,424,425,428,137,139
821,822,823,824,825,826,829,830,831,832,833,820,356,426,427,92,94,126,134,177,185,188,194,196,202,203,210,211,212,213,214,223,224,225,226,227,228,235,236,237,238,239,240,241,243,252,253,254,255,256,257,258,259,260,265,266,267,268,269,271,272,273,274,393,394,137,139
821,822,823,824,825,826,829,830,831,832,833,820,356,426,427,92,94,126,134,177,185,188,194,196,202,203,210,211,212,213,214,223,224,225,226,235,236,237,238,239,240,241,243,248,249,250,251,252,253,254,255,256,257,258,259,260,265,266,267,268,269,271,272,273,274,301,302,303,304,320,321,322,323,324,325,326,327,328,329,330,331,332,333,353,355,357,358,419,420,421,423,424,428,429,137,139
821,822,823,824,825,826,829,830,831,832,833,812,813,814,820,356,426,427,92,94,126,134,177,185,188,194,196,202,203,210,211,212,213,214,222,223,224,225,226,229,235,236,237,238,239,240,241,243,248,249,250,251,252,253,254,255,256,257,258,259,260,265,266,267,268,269,271,272,273,274,275,301,302,303,304,305,306,307,308,309,310,311,312,313,314,315,316,317,318,319,320,321,322,323,324,325,326,327,328,329,330,331,332,333,334,335,336,337,338,339,340,341,342,343,344,345,346,347,348,349,350,351,352,353,355,357,358,359,360,361,364,365,395,419,420,421,422,423,424,428,429,137,139
821,822,823,824,825,826,829,830,831,832,833,812,813,814,820,356,426,427,92,94,126,134,177,185,188,194,196,202,203,210,211,212,213,214,223,224,225,226,235,236,237,238,239,240,241,243,252,253,254,255,256,257,258,259,260,265,266,267,268,269,271,272,273,274,301,302,303,304,334,335,336,337,338,339,340,341,342,343,344,345,346,347,348,350,351,352,358,359,360,361,364,365,419,421,424,428,137,139
821,822,823,824,825,826,829,830,831,832,833,812,813,814,820,356,426,427,92,94,126,134,177,185,188,194,196,202,203,210,211,212,213,214,222,223,224,225,226,229,235,236,237,238,239,240,241,243,252,253,254,255,256,257,258,259,260,265,266,267,268,269,271,272,273,274,301,302,303,304,305,306,307,308,309,310,311,312,313,314,315,316,317,318,319,350,351,352,353,354,355,357,358,359,360,361,364,365,395,419,421,422,423,424,428,429,137,139
821,822,823,824,825,826,829,830,831,832,833,812,813,814,820,356,426,427,92,94,126,134,177,185,188,194,196,202,203,210,211,212,213,214,223,224,225,226,235,236,237,238,239,240,241,243,252,253,254,255,256,257,258,259,260,265,266,267,268,269,271,272,273,274,301,302,303,304,350,351,352,358,359,360,361,364,365,419,421,424,428,137,139
821,822,823,824,825,826,829,830,831,832,833,820,356,426,427,92,94,126,134,177,185,188,194,196,202,203,210,211,212,213,214,223,224,225,226,235,236,237,238,239,240,241,243,248,249,250,251,252,253,254,255,256,257,258,259,260,265,266,267,268,269,271,272,273,274,279,287,288,289,290,299,419,420,91,137,139
821,822,823,824,825,826,829,830,831,832,833,820,356,426,427,92,94,126,134,177,185,188,194,196,202,203,210,211,212,213,214,223,224,225,226,229,235,236,237,238,239,240,241,243,248,249,250,251,252,253,254,255,256,257,258,259,260,265,266,267,268,269,271,272,273,274,275,279,280,281,282,283,284,285,286,287,288,289,290,291,292,293,294,295,296,297,298,299,395,400,401,402,403,404,405,406,408,409,410,411,412,413,414,419,420,421,423,424,425,428,91,137,139
821,822,823,824,825,826,829,830,831,832,833,820,356,426,427,92,94,126,134,177,185,188,194,196,202,203,210,211,212,213,214,223,224,225,226,235,236,237,238,239,240,241,243,252,253,254,255,256,257,258,259,260,265,266,267,268,269,271,272,273,274,275,279,285,286,423,137,139
821,822,823,824,825,826,829,830,831,832,833,820,356,426,427,92,94,126,134,177,185,188,194,196,202,203,210,211,212,213,214,223,224,225,226,235,236,237,238,239,240,241,243,252,253,254,255,256,257,258,259,260,265,266,267,268,269,270,271,272,273,274,279,137,139
821,822,823,824,825,826,829,830,831,832,833,820,356,426,427,92,94,126,134,177,185,188,194,196,202,203,210,211,212,213,214,223,224,225,226,235,236,237,238,239,240,241,243,252,253,254,255,256,257,258,259,260,265,266,267,268,269,271,272,273,274,279,291,292,293,294,295,298,424,428,137,139
821,822,823,824,825,826,829,830,831,832,833,820,356,426,427,92,94,126,134,177,185,188,194,196,202,203,210,211,212,213,214,223,224,225,226,229,235,236,237,238,239,240,241,243,252,253,254,255,256,257,258,259,260,265,266,267,268,269,271,272,273,274,279,280,281,282,283,284,298,299,300,395,421,428,91,93,137,139
821,822,823,824,825,826,829,830,831,832,833,820,356,426,427,92,94,126,134,177,185,188,194,196,202,203,210,211,212,213,214,223,224,225,226,235,236,237,238,239,240,241,243,252,253,254,255,256,257,258,259,260,265,266,267,268,269,271,272,273,274,279,298,428,137,139
821,822,823,824,825,826,829,830,831,832,833,820,356,426,427,92,94,126,134,177,185,188,194,196,202,203,210,211,212,213,214,223,224,225,226,235,236,237,238,239,240,241,243,252,253,254,255,256,257,258,259,260,265,266,267,268,269,271,272,273,274,279,296,297,298,400,401,402,403,404,405,406,408,409,410,411,412,413,414,419,421,423,424,425,428,137,139
536,544,546,576,577,578,579,580,581,582,583,433,434,537,543,356,418,426,427,92,94,126,134,137,139
821,822,823,824,825,826,827,828,536,557,565,576,577,578,579,580,581,582,583,433,434,537,543,356,418,426,427,92,94,126,134,210,211,212,213,214,223,224,225,226,229,235,236,237,238,239,240,241,243,248,249,250,251,252,253,254,255,256,257,261,262,263,264,270,271,272,273,274,275,395,396,399,400,401,402,403,404,405,406,408,409,410,411,412,413,414,415,416,417,419,421,423,424,425,428,429,91,137,139,676,677,678,679,680,681,682,683,688,689,690,691,692,693,694,695,696,592,593,594,595,596,597,598,599,600,601,602,603,604,605,606,607,608,609,610,611,612,613,614,615,616,617,618,619,620,621,622,623,624,625,626,627,628,629,630,631,632,633,634,635,636,637,638,639,640,641,642,643,644,645,646,647,648,649,650,651,652,653,654,655,656,657,658,659,660,661,662,663,664,665,666,667,668,669,670,671,672,673,674,675
821,822,823,824,825,826,827,828,536,557,565,574,575,576,577,578,579,580,581,582,583,433,434,537,543,356,418,426,427,92,94,126,134,210,211,212,213,214,223,224,225,226,229,235,236,237,238,239,240,241,243,248,249,250,251,252,253,254,255,256,257,261,262,263,264,270,271,272,273,274,275,395,396,399,400,401,402,403,404,405,406,408,409,410,411,412,413,414,415,416,417,419,421,423,424,425,428,429,91,137,139,676,677,678,679,680,681,682,683,688,689,690,691,692,693,694,695,696,592,593,594,595,596,597,598,599,600,601,602,603,604,605,606,607,608,609,610,611,612,613,614,615,616,617,618,619,620,621,622,623,624,625,626,627,628,629,630,631,632,633,634,635,636,637,638,639,640,641,642,643,644,645,646,647,648,649,650,651,652,653,654,655,656,657,658,659,660,661,662,663,664,665,666,667,668,669,670,671,672,673,674,675
821,822,823,824,825,826,827,828,536,557,565,576,577,578,579,580,581,582,583,433,434,537,543,356,418,426,427,92,94,126,134,210,211,212,213,214,223,224,225,226,229,235,236,237,238,239,240,241,243,248,249,250,251,252,253,254,255,256,257,261,262,263,264,270,271,272,273,274,275,395,396,399,400,401,402,403,404,405,406,408,409,410,411,412,413,414,415,416,417,419,421,423,424,425,428,429,91,137,139,676,677,678,679,680,681,682,683,688,689,690,691,692,693,694,695,696,592,593,594,595,596,597,598,599,600,601,602,603,604,605,606,607,608,609,610,611,612,613,614,615,616,617,618,619,620,621,622,623,624,625,626,627,628,629,630,631,632,633,634,635,636,637,638,639,640,641,642,643,644,645,646,647,648,649,650,651,652,653,654,655,656,657,658,659,660,661,662,663,664,665,666,667,668,669,670,671,672,673,674,675
821,822,823,824,825,826,827,828,536,557,565,576,577,578,579,580,581,582,583,584,433,434,537,543,356,418,426,427,92,94,126,134,210,211,212,213,214,223,224,225,226,229,235,236,237,238,239,240,241,243,248,249,250,251,252,253,254,255,256,257,261,262,263,264,270,271,272,273,274,275,395,396,399,400,401,402,403,404,405,406,408,409,410,411,412,413,414,415,416,417,419,421,423,424,425,428,429,91,137,139,676,677,678,679,680,681,682,683,688,689,690,691,692,693,694,695,696,592,593,594,595,596,597,598,599,600,601,602,603,604,605,606,607,608,609,610,611,612,613,614,615,616,617,618,619,620,621,622,623,624,625,626,627,628,629,630,631,632,633,634,635,636,637,638,639,640,641,642,643,644,645,646,647,648,649,650,651,652,653,654,655,656,657,658,659,660,661,662,663,664,665,666,667,668,669,670,671,672,673,674,675
821,822,823,824,825,826,827,828,536,557,565,576,577,578,579,580,581,582,583,591,433,434,537,543,356,418,426,427,92,94,126,134,210,211,212,213,214,223,224,225,226,229,235,236,237,238,239,240,241,243,248,249,250,251,252,253,254,255,256,257,261,262,263,264,270,271,272,273,274,275,395,396,399,400,401,402,403,404,405,406,408,409,410,411,412,413,414,415,416,417,419,421,423,424,425,428,429,91,137,139,676,677,678,679,680,681,682,683,688,689,690,691,692,693,694,695,696,592,593,594,595,596,597,598,599,600,601,602,603,604,605,606,607,608,609,610,611,612,613,614,615,616,617,618,619,620,621,622,623,624,625,626,627,628,629,630,631,632,633,634,635,636,637,638,639,640,641,642,643,644,645,646,647,648,649,650,651,652,653,654,655,656,657,658,659,660,661,662,663,664,665,666,667,668,669,670,671,672,673,674,675
821,822,823,824,825,826,827,828,536,557,565,576,577,578,579,580,581,582,583,585,433,434,537,543,356,418,426,427,92,94,126,134,210,211,212,213,214,223,224,225,226,229,235,236,237,238,239,240,241,243,248,249,250,251,252,253,254,255,256,257,261,262,263,264,270,271,272,273,274,275,395,396,399,400,401,402,403,404,405,406,408,409,410,411,412,413,414,415,416,417,419,421,423,424,425,428,429,91,137,139,676,677,678,679,680,681,682,683,688,689,690,691,692,693,694,695,696,592,593,594,595,596,597,598,599,600,601,602,603,604,605,606,607,608,609,610,611,612,613,614,615,616,617,618,619,620,621,622,623,624,625,626,627,628,629,630,631,632,633,634,635,636,637,638,639,640,641,642,643,644,645,646,647,648,649,650,651,652,653,654,655,656,657,658,659,660,661,662,663,664,665,666,667,668,669,670,671,672,673,674,675
870,871,872,873,845,846,847,848,859,860,861,862,863,864,865,866,821,822,823,824,825,826,827,828,536,557,565,576,577,578,579,580,581,582,583,584,433,434,435,436,437,438,439,440,441,442,443,444,445,446,447,448,449,450,451,452,453,454,455,456,457,460,466,487,488,489,490,491,492,493,494,495,496,497,498,499,500,501,502,503,520,523,524,537,543,547,356,362,363,418,426,427,92,94,126,134,207,208,210,211,212,213,214,223,224,225,226,229,235,236,237,238,239,240,241,243,246,247,248,249,250,251,252,253,254,255,256,257,261,262,263,264,270,271,272,273,274,275,395,396,399,400,401,402,403,404,405,406,408,409,410,411,412,413,414,415,416,417,419,421,423,424,425,428,429,91,137,139,676,677,678,679,680,681,682,683,688,689,690,691,692,693,694,695,696,592,593,594,595,596,597,598,599,600,601,602,603,604,605,606,607,608,609,610,611,612,613,614,615,616,617,618,619,620,621,622,623,624,625,626,627,628,629,630,631,632,633,634,635,636,637,638,639,640,641,642,643,644,645,646,647,648,649,650,651,652,653,654,655,656,657,658,659,660,661,662,663,664,665,666,667,668,669,670,671,672,673,674,675
870,871,872,873,845,846,847,848,859,860,861,862,863,864,865,866,821,822,823,824,825,826,827,828,536,557,565,576,577,578,579,580,581,582,583,584,433,434,435,436,437,438,439,440,441,442,443,444,445,446,447,448,449,450,451,452,453,454,455,456,457,460,466,487,488,489,490,491,492,493,494,495,496,497,498,499,500,501,502,503,520,521,522,537,543,547,356,362,363,418,426,427,92,94,126,134,207,208,210,211,212,213,214,223,224,225,226,229,235,236,237,238,239,240,241,243,244,245,246,247,248,249,250,251,252,253,254,255,256,257,261,262,263,264,270,271,272,273,274,275,395,396,399,400,401,402,403,404,405,406,408,409,410,411,412,413,414,415,416,417,419,421,423,424,425,428,429,91,137,139,676,677,678,679,680,681,682,683,688,689,690,691,692,693,694,695,696,592,593,594,595,596,597,598,599,600,601,602,603,604,605,606,607,608,609,610,611,612,613,614,615,616,617,618,619,620,621,622,623,624,625,626,627,628,629,630,631,632,633,634,635,636,637,638,639,640,641,642,643,644,645,646,647,648,649,650,651,652,653,654,655,656,657,658,659,660,661,662,663,664,665,666,667,668,669,670,671,672,673,674,675
870,871,872,873,845,846,847,848,859,860,861,862,863,864,865,866,821,822,823,824,825,826,827,828,536,557,565,576,577,578,579,580,581,582,583,433,434,435,436,437,438,439,440,441,442,443,444,445,446,447,448,449,450,451,452,453,454,455,456,457,470,537,543,356,362,363,418,426,427,92,94,126,134,207,208,210,211,212,213,214,223,224,225,226,229,235,236,237,238,239,240,241,243,248,249,250,251,252,253,254,255,256,257,261,262,263,264,270,271,272,273,274,275,395,396,399,400,401,402,403,404,405,406,408,409,410,411,412,413,414,415,416,417,419,421,423,424,425,428,429,91,137,139,676,677,678,679,680,681,682,683,688,689,690,691,692,693,694,695,696,592,593,594,595,596,597,598,599,600,601,602,603,604,605,606,607,608,609,610,611,612,613,614,615,616,617,618,619,620,621,622,623,624,625,626,627,628,629,630,631,632,633,634,635,636,637,638,639,640,641,642,643,644,645,646,647,648,649,650,651,652,653,654,655,656,657,658,659,660,661,662,663,664,665,666,667,668,669,670,671,672,673,674,675
870,871,872,873,845,846,847,848,859,860,861,862,863,864,865,866,821,822,823,824,825,826,827,828,536,557,565,576,577,578,579,580,581,582,583,433,434,435,436,437,438,439,440,441,442,443,444,445,446,447,448,449,450,451,452,453,454,455,456,457,465,537,543,545,356,362,363,418,426,427,92,94,126,134,207,208,210,211,212,213,214,223,224,225,226,229,235,236,237,238,239,240,241,243,248,249,250,251,252,253,254,255,256,257,261,262,263,264,270,271,272,273,274,275,395,396,399,400,401,402,403,404,405,406,408,409,410,411,412,413,414,415,416,417,419,421,423,424,425,428,429,91,137,139,676,677,678,679,680,681,682,683,688,689,690,691,692,693,694,695,696,592,593,594,595,596,597,598,599,600,601,602,603,604,605,606,607,608,609,610,611,612,613,614,615,616,617,618,619,620,621,622,623,624,625,626,627,628,629,630,631,632,633,634,635,636,637,638,639,640,641,642,643,644,645,646,647,648,649,650,651,652,653,654,655,656,657,658,659,660,661,662,663,664,665,666,667,668,669,670,671,672,673,674,675
870,871,872,873,845,846,847,848,859,860,861,862,863,864,865,866,821,822,823,824,825,826,827,828,839,806,807,808,809,810,811,815,816,817,818,536,557,565,576,577,578,579,580,581,582,583,584,433,434,435,436,437,438,439,440,441,442,443,444,445,446,447,448,449,450,451,452,453,454,455,456,457,458,459,460,461,462,464,466,473,474,475,476,477,478,479,481,482,483,484,485,486,487,488,489,490,491,492,493,494,495,496,497,498,499,500,501,502,503,504,505,506,507,508,509,510,511,512,513,514,515,516,520,523,524,525,528,529,530,531,532,533,534,535,537,538,539,540,541,542,543,547,356,362,363,418,426,427,92,94,126,134,207,208,210,211,212,213,214,223,224,225,226,227,228,229,235,236,237,238,239,240,241,243,246,247,248,249,250,251,252,253,254,255,256,257,261,262,263,264,270,271,272,273,274,275,393,394,395,396,397,398,399,400,401,402,403,404,405,406,408,409,410,411,412,413,414,415,416,417,419,421,423,424,425,428,429,91,137,139,195,197,201,676,677,678,679,680,681,682,683,688,689,690,691,692,693,694,695,696,592,593,594,595,596,597,598,599,600,601,602,603,604,605,606,607,608,609,610,611,612,613,614,615,616,617,618,619,620,621,622,623,624,625,626,627,628,629,630,631,632,633,634,635,636,637,638,639,640,641,642,643,644,645,646,647,648,649,650,651,652,653,654,655,656,657,658,659,660,661,662,663,664,665,666,667,668,669,670,671,672,673,674,675
870,871,872,873,845,846,847,848,859,860,861,862,863,864,865,866,821,822,823,824,825,826,827,828,839,806,807,808,809,810,811,815,816,817,818,536,557,565,576,577,578,579,580,581,582,583,584,433,434,435,436,437,438,439,440,441,442,443,444,445,446,447,448,449,450,451,452,453,454,455,456,457,458,459,460,461,462,464,466,473,474,475,476,477,478,479,480,481,482,483,484,485,486,487,488,489,490,491,492,493,494,495,496,497,498,499,500,501,502,503,504,505,506,507,508,509,510,511,512,513,514,515,516,520,523,524,525,528,529,530,531,532,533,534,535,537,538,539,540,541,542,543,547,356,362,363,418,426,427,92,94,126,134,207,208,210,211,212,213,214,222,223,224,225,226,227,228,229,235,236,237,238,239,240,241,243,246,247,248,249,250,251,252,253,254,255,256,257,261,262,263,264,270,271,272,273,274,275,393,394,395,396,397,398,399,400,401,402,403,404,405,406,408,409,410,411,412,413,414,415,416,417,419,421,423,424,425,428,429,91,137,139,195,197,198,199,200,676,677,678,679,680,681,682,683,688,689,690,691,692,693,694,695,696,592,593,594,595,596,597,598,599,600,601,602,603,604,605,606,607,608,609,610,611,612,613,614,615,616,617,618,619,620,621,622,623,624,625,626,627,628,629,630,631,632,633,634,635,636,637,638,639,640,641,642,643,644,645,646,647,648,649,650,651,652,653,654,655,656,657,658,659,660,661,662,663,664,665,666,667,668,669,670,671,672,673,674,675
870,871,872,873,845,846,847,848,859,860,861,862,863,864,865,866,821,822,823,824,825,826,827,828,536,557,565,576,577,578,579,580,581,582,583,433,434,435,436,437,438,439,440,441,442,443,444,445,446,447,448,449,450,451,452,453,454,455,456,457,469,537,543,356,362,363,418,426,427,92,94,126,134,207,208,210,211,212,213,214,223,224,225,226,229,235,236,237,238,239,240,241,243,248,249,250,251,252,253,254,255,256,257,261,262,263,264,270,271,272,273,274,275,395,396,399,400,401,402,403,404,405,406,408,409,410,411,412,413,414,415,416,417,419,421,423,424,425,428,429,91,137,139,676,677,678,679,680,681,682,683,688,689,690,691,692,693,694,695,696,592,593,594,595,596,597,598,599,600,601,602,603,604,605,606,607,608,609,610,611,612,613,614,615,616,617,618,619,620,621,622,623,624,625,626,627,628,629,630,631,632,633,634,635,636,637,638,639,640,641,642,643,644,645,646,647,648,649,650,651,652,653,654,655,656,657,658,659,660,661,662,663,664,665,666,667,668,669,670,671,672,673,674,675
870,871,872,873,845,846,847,848,859,860,861,862,863,864,865,866,821,822,823,824,825,826,827,828,536,557,565,576,577,578,579,580,581,582,583,433,434,435,436,437,438,439,440,441,442,443,444,445,446,447,448,449,450,451,452,453,454,455,456,457,459,485,486,537,543,356,362,363,418,426,427,92,94,126,134,207,208,210,211,212,213,214,223,224,225,226,229,235,236,237,238,239,240,241,243,248,249,250,251,252,253,254,255,256,257,261,262,263,264,270,271,272,273,274,275,395,396,399,400,401,402,403,404,405,406,408,409,410,411,412,413,414,415,416,417,419,421,423,424,425,428,429,91,137,139,195,676,677,678,679,680,681,682,683,688,689,690,691,692,693,694,695,696,592,593,594,595,596,597,598,599,600,601,602,603,604,605,606,607,608,609,610,611,612,613,614,615,616,617,618,619,620,621,622,623,624,625,626,627,628,629,630,631,632,633,634,635,636,637,638,639,640,641,642,643,644,645,646,647,648,649,650,651,652,653,654,655,656,657,658,659,660,661,662,663,664,665,666,667,668,669,670,671,672,673,674,675
870,871,872,873,845,846,847,848,859,860,861,862,863,864,865,866,821,822,823,824,825,826,827,828,536,557,565,576,577,578,579,580,581,582,583,433,434,435,436,437,438,439,440,441,442,443,444,445,446,447,448,449,450,451,452,453,454,455,456,457,463,517,518,519,537,543,356,362,363,418,426,427,92,94,126,134,207,208,210,211,212,213,214,223,224,225,226,229,235,236,237,238,239,240,241,243,248,249,250,251,252,253,254,255,256,257,258,259,260,261,262,263,264,265,266,267,270,271,272,273,274,275,395,396,399,400,401,402,403,404,405,406,408,409,410,411,412,413,414,415,416,417,419,421,423,424,425,428,429,91,137,139,190,676,677,678,679,680,681,682,683,688,689,690,691,692,693,694,695,696,592,593,594,595,596,597,598,599,600,601,602,603,604,605,606,607,608,609,610,611,612,613,614,615,616,617,618,619,620,621,622,623,624,625,626,627,628,629,630,631,632,633,634,635,636,637,638,639,640,641,642,643,644,645,646,647,648,649,650,651,652,653,654,655,656,657,658,659,660,661,662,663,664,665,666,667,668,669,670,671,672,673,674,675
870,871,872,873,845,846,847,848,859,860,861,862,863,864,865,866,821,822,823,824,825,826,827,828,536,557,565,576,577,578,579,580,581,582,583,433,434,435,436,437,438,439,440,441,442,443,444,445,446,447,448,449,450,451,452,453,454,455,456,457,468,537,543,356,362,363,418,426,427,92,94,126,134,207,208,210,211,212,213,214,223,224,225,226,229,235,236,237,238,239,240,241,243,248,249,250,251,252,253,254,255,256,257,261,262,263,264,270,271,272,273,274,275,395,396,399,400,401,402,403,404,405,406,408,409,410,411,412,413,414,415,416,417,419,421,423,424,425,428,429,91,137,139,676,677,678,679,680,681,682,683,688,689,690,691,692,693,694,695,696,592,593,594,595,596,597,598,599,600,601,602,603,604,605,606,607,608,609,610,611,612,613,614,615,616,617,618,619,620,621,622,623,624,625,626,627,628,629,630,631,632,633,634,635,636,637,638,639,640,641,642,643,644,645,646,647,648,649,650,651,652,653,654,655,656,657,658,659,660,661,662,663,664,665,666,667,668,669,670,671,672,673,674,675
870,871,872,873,845,846,847,848,859,860,861,862,863,864,865,866,821,822,823,824,825,826,827,828,536,557,565,576,577,578,579,580,581,582,583,433,434,435,436,437,438,439,440,441,442,443,444,445,446,447,448,449,450,451,452,453,454,455,456,457,466,537,543,547,356,362,363,418,426,427,92,94,126,134,207,208,210,211,212,213,214,223,224,225,226,229,235,236,237,238,239,240,241,243,248,249,250,251,252,253,254,255,256,257,261,262,263,264,270,271,272,273,274,275,395,396,399,400,401,402,403,404,405,406,408,409,410,411,412,413,414,415,416,417,419,421,423,424,425,428,429,91,137,139,676,677,678,679,680,681,682,683,688,689,690,691,692,693,694,695,696,592,593,594,595,596,597,598,599,600,601,602,603,604,605,606,607,608,609,610,611,612,613,614,615,616,617,618,619,620,621,622,623,624,625,626,627,628,629,630,631,632,633,634,635,636,637,638,639,640,641,642,643,644,645,646,647,648,649,650,651,652,653,654,655,656,657,658,659,660,661,662,663,664,665,666,667,668,669,670,671,672,673,674,675
870,871,872,873,845,846,847,848,859,860,861,862,863,864,865,866,821,822,823,824,825,826,827,828,536,557,565,576,577,578,579,580,581,582,583,433,434,435,436,437,438,439,440,441,442,443,444,445,446,447,448,449,450,451,452,453,454,455,456,457,467,537,543,356,362,363,418,426,427,92,94,126,134,207,208,210,211,212,213,214,223,224,225,226,229,235,236,237,238,239,240,241,243,248,249,250,251,252,253,254,255,256,257,261,262,263,264,270,271,272,273,274,275,395,396,399,400,401,402,403,404,405,406,408,409,410,411,412,413,414,415,416,417,419,421,423,424,425,428,429,91,137,139,676,677,678,679,680,681,682,683,688,689,690,691,692,693,694,695,696,592,593,594,595,596,597,598,599,600,601,602,603,604,605,606,607,608,609,610,611,612,613,614,615,616,617,618,619,620,621,622,623,624,625,626,627,628,629,630,631,632,633,634,635,636,637,638,639,640,641,642,643,644,645,646,647,648,649,650,651,652,653,654,655,656,657,658,659,660,661,662,663,664,665,666,667,668,669,670,671,672,673,674,675
870,871,872,873,845,846,847,848,859,860,861,862,863,864,865,866,821,822,823,824,825,826,827,828,839,806,807,808,809,810,811,815,816,817,818,536,557,565,576,577,578,579,580,581,582,583,584,433,434,435,436,437,438,439,440,441,442,443,444,445,446,447,448,449,450,451,452,453,454,455,456,457,461,464,504,505,506,507,508,509,510,511,512,513,514,515,516,525,528,529,530,531,532,533,534,535,537,538,539,540,541,542,543,356,362,363,418,426,427,92,94,126,134,207,208,210,211,212,213,214,223,224,225,226,229,235,236,237,238,239,240,241,243,248,249,250,251,252,253,254,255,256,257,261,262,263,264,270,271,272,273,274,275,395,396,399,400,401,402,403,404,405,406,408,409,410,411,412,413,414,415,416,417,419,421,423,424,425,428,429,91,137,139,676,677,678,679,680,681,682,683,688,689,690,691,692,693,694,695,696,592,593,594,595,596,597,598,599,600,601,602,603,604,605,606,607,608,609,610,611,612,613,614,615,616,617,618,619,620,621,622,623,624,625,626,627,628,629,630,631,632,633,634,635,636,637,638,639,640,641,642,643,644,645,646,647,648,649,650,651,652,653,654,655,656,657,658,659,660,661,662,663,664,665,666,667,668,669,670,671,672,673,674,675
870,871,872,873,845,846,847,848,859,860,861,862,863,864,865,866,821,822,823,824,825,826,827,828,839,806,807,808,809,810,811,815,816,817,818,536,557,565,576,577,578,579,580,581,582,583,584,433,434,435,436,437,438,439,440,441,442,443,444,445,446,447,448,449,450,451,452,453,454,455,456,457,461,464,504,505,506,507,508,509,510,511,512,513,514,515,516,525,526,527,529,530,531,532,533,534,535,537,538,539,540,541,542,543,356,362,363,418,426,427,92,94,126,134,207,208,210,211,212,213,214,223,224,225,226,229,235,236,237,238,239,240,241,243,248,249,250,251,252,253,254,255,256,257,261,262,263,264,270,271,272,273,274,275,395,396,399,400,401,402,403,404,405,406,408,409,410,411,412,413,414,415,416,417,419,421,423,424,425,428,429,91,137,139,676,677,678,679,680,681,682,683,688,689,690,691,692,693,694,695,696,592,593,594,595,596,597,598,599,600,601,602,603,604,605,606,607,608,609,610,611,612,613,614,615,616,617,618,619,620,621,622,623,624,625,626,627,628,629,630,631,632,633,634,635,636,637,638,639,640,641,642,643,644,645,646,647,648,649,650,651,652,653,654,655,656,657,658,659,660,661,662,663,664,665,666,667,668,669,670,671,672,673,674,675
870,871,872,873,845,846,847,848,859,860,861,862,863,864,865,866,821,822,823,824,825,826,827,828,839,806,807,808,809,810,811,815,816,817,818,536,557,565,576,577,578,579,580,581,582,583,584,433,434,435,436,437,438,439,440,441,442,443,444,445,446,447,448,449,450,451,452,453,454,455,456,457,458,459,460,461,462,464,466,469,473,474,475,476,477,478,479,481,482,483,484,485,486,487,488,489,490,491,492,493,494,495,496,497,498,499,500,501,502,503,504,505,506,507,508,509,510,511,512,513,514,515,516,520,523,524,525,528,529,530,531,532,533,534,535,537,538,539,540,541,542,543,547,356,362,363,418,426,427,92,94,126,134,207,208,210,211,212,213,214,223,224,225,226,227,228,229,235,236,237,238,239,240,241,243,246,247,248,249,250,251,252,253,254,255,256,257,261,262,263,264,270,271,272,273,274,275,393,394,395,396,397,398,399,400,401,402,403,404,405,406,408,409,410,411,412,413,414,415,416,417,419,421,423,424,425,428,429,91,137,139,195,197,201,676,677,678,679,680,681,682,683,688,689,690,691,692,693,694,695,696,592,593,594,595,596,597,598,599,600,601,602,603,604,605,606,607,608,609,610,611,612,613,614,615,616,617,618,619,620,621,622,623,624,625,626,627,628,629,630,631,632,633,634,635,636,637,638,639,640,641,642,643,644,645,646,647,648,649,650,651,652,653,654,655,656,657,658,659,660,661,662,663,664,665,666,667,668,669,670,671,672,673,674,675
870,871,872,873,845,846,847,848,859,860,861,862,863,864,865,866,821,822,823,824,825,826,827,828,536,557,565,576,577,578,579,580,581,582,583,433,434,435,436,437,438,439,440,441,442,443,444,445,446,447,448,449,450,451,452,453,454,455,456,457,471,472,537,543,356,362,363,418,426,427,92,94,126,134,207,208,210,211,212,213,214,223,224,225,226,229,235,236,237,238,239,240,241,243,248,249,250,251,252,253,254,255,256,257,261,262,263,264,270,271,272,273,274,275,395,396,399,400,401,402,403,404,405,406,408,409,410,411,412,413,414,415,416,417,419,421,423,424,425,428,429,91,137,139,676,677,678,679,680,681,682,683,688,689,690,691,692,693,694,695,696,592,593,594,595,596,597,598,599,600,601,602,603,604,605,606,607,608,609,610,611,612,613,614,615,616,617,618,619,620,621,622,623,624,625,626,627,628,629,630,631,632,633,634,635,636,637,638,639,640,641,642,643,644,645,646,647,648,649,650,651,652,653,654,655,656,657,658,659,660,661,662,663,664,665,666,667,668,669,670,671,672,673,674,675
870,871,872,873,845,846,847,848,859,860,861,862,863,864,865,866,821,822,823,824,825,826,827,828,839,806,807,808,809,810,811,536,557,565,576,577,578,579,580,581,582,583,433,434,435,436,437,438,439,440,441,442,443,444,445,446,447,448,449,450,451,452,453,454,455,456,457,458,464,466,469,473,474,475,476,477,478,479,481,482,483,484,529,530,531,532,533,534,535,537,538,539,540,541,542,543,547,356,362,363,418,426,427,92,94,126,134,207,208,210,211,212,213,214,223,224,225,226,227,228,229,235,236,237,238,239,240,241,243,248,249,250,251,252,253,254,255,256,257,261,262,263,264,270,271,272,273,274,275,393,394,395,396,397,398,399,400,401,402,403,404,405,406,408,409,410,411,412,413,414,415,416,417,419,421,423,424,425,428,429,91,137,139,197,201,676,677,678,679,680,681,682,683,688,689,690,691,692,693,694,695,696,592,593,594,595,596,597,598,599,600,601,602,603,604,605,606,607,608,609,610,611,612,613,614,615,616,617,618,619,620,621,622,623,624,625,626,627,628,629,630,631,632,633,634,635,636,637,638,639,640,641,642,643,644,645,646,647,648,649,650,651,652,653,654,655,656,657,658,659,660,661,662,663,664,665,666,667,668,669,670,671,672,673,674,675
870,871,872,873,845,846,847,848,859,860,861,862,863,864,865,866,821,822,823,824,825,826,827,828,839,806,807,808,809,810,811,536,557,565,576,577,578,579,580,581,582,583,433,434,435,436,437,438,439,440,441,442,443,444,445,446,447,448,449,450,451,452,453,454,455,456,457,458,464,466,469,473,474,475,476,477,478,479,480,481,482,483,484,529,530,531,532,533,534,535,537,538,539,540,541,542,543,547,356,362,363,418,426,427,92,94,126,134,207,208,210,211,212,213,214,222,223,224,225,226,227,228,229,235,236,237,238,239,240,241,243,248,249,250,251,252,253,254,255,256,257,261,262,263,264,270,271,272,273,274,275,393,394,395,396,397,398,399,400,401,402,403,404,405,406,408,409,410,411,412,413,414,415,416,417,419,421,423,424,425,428,429,91,137,139,197,198,199,200,676,677,678,679,680,681,682,683,688,689,690,691,692,693,694,695,696,592,593,594,595,596,597,598,599,600,601,602,603,604,605,606,607,608,609,610,611,612,613,614,615,616,617,618,619,620,621,622,623,624,625,626,627,628,629,630,631,632,633,634,635,636,637,638,639,640,641,642,643,644,645,646,647,648,649,650,651,652,653,654,655,656,657,658,659,660,661,662,663,664,665,666,667,668,669,670,671,672,673,674,675
870,871,872,873,845,846,847,848,859,860,861,862,863,864,865,866,821,822,823,824,825,826,827,828,839,806,807,808,809,810,811,536,557,565,576,577,578,579,580,581,582,583,433,434,435,436,437,438,439,440,441,442,443,444,445,446,447,448,449,450,451,452,453,454,455,456,457,464,529,530,531,532,533,534,535,537,538,539,540,541,542,543,356,362,363,418,426,427,92,94,126,134,207,208,210,211,212,213,214,223,224,225,226,229,235,236,237,238,239,240,241,243,248,249,250,251,252,253,254,255,256,257,261,262,263,264,270,271,272,273,274,275,395,396,399,400,401,402,403,404,405,406,408,409,410,411,412,413,414,415,416,417,419,421,423,424,425,428,429,91,137,139,676,677,678,679,680,681,682,683,688,689,690,691,692,693,694,695,696,592,593,594,595,596,597,598,599,600,601,602,603,604,605,606,607,608,609,610,611,612,613,614,615,616,617,618,619,620,621,622,623,624,625,626,627,628,629,630,631,632,633,634,635,636,637,638,639,640,641,642,643,644,645,646,647,648,649,650,651,652,653,654,655,656,657,658,659,660,661,662,663,664,665,666,667,668,669,670,671,672,673,674,675
870,871,872,873,845,846,847,848,859,860,861,862,863,864,865,866,821,822,823,824,825,826,827,828,839,806,807,808,809,810,811,536,557,565,576,577,578,579,580,581,582,583,433,434,435,436,437,438,439,440,441,442,443,444,445,446,447,448,449,450,451,452,453,454,455,456,457,462,464,529,530,531,532,533,534,535,537,538,539,540,541,542,543,356,362,363,418,426,427,92,94,126,134,207,208,210,211,212,213,214,223,224,225,226,229,235,236,237,238,239,240,241,243,248,249,250,251,252,253,254,255,256,257,261,262,263,264,270,271,272,273,274,275,395,396,399,400,401,402,403,404,405,406,408,409,410,411,412,413,414,415,416,417,419,421,423,424,425,428,429,91,137,139,676,677,678,679,680,681,682,683,688,689,690,691,692,693,694,695,696,592,593,594,595,596,597,598,599,600,601,602,603,604,605,606,607,608,609,610,611,612,613,614,615,616,617,618,619,620,621,622,623,624,625,626,627,628,629,630,631,632,633,634,635,636,637,638,639,640,641,642,643,644,645,646,647,648,649,650,651,652,653,654,655,656,657,658,659,660,661,662,663,664,665,666,667,668,669,670,671,672,673,674,675
821,822,823,824,825,826,827,828,536,557,565,576,577,578,579,580,581,582,583,430,431,432,433,434,537,543,356,418,426,427,92,94,126,134,210,211,212,213,214,223,224,225,226,229,235,236,237,238,239,240,241,243,248,249,250,251,252,253,254,255,256,257,261,262,263,264,270,271,272,273,274,275,395,396,399,400,401,402,403,404,405,406,408,409,410,411,412,413,414,415,416,417,419,421,423,424,425,428,429,91,137,139,676,677,678,679,680,681,682,683,688,689,690,691,692,693,694,695,696,592,593,594,595,596,597,598,599,600,601,602,603,604,605,606,607,608,609,610,611,612,613,614,615,616,617,618,619,620,621,622,623,624,625,626,627,628,629,630,631,632,633,634,635,636,637,638,639,640,641,642,643,644,645,646,647,648,649,650,651,652,653,654,655,656,657,658,659,660,661,662,663,664,665,666,667,668,669,670,671,672,673,674,675
821,822,823,824,825,826,827,828,536,544,546,557,565,576,577,578,579,580,581,582,583,586,587,588,589,590,433,434,537,543,356,418,426,427,92,94,126,134,210,211,212,213,214,223,224,225,226,229,235,236,237,238,239,240,241,243,248,249,250,251,252,253,254,255,256,257,261,262,263,264,270,271,272,273,274,275,395,396,399,400,401,402,403,404,405,406,408,409,410,411,412,413,414,415,416,417,419,421,423,424,425,428,429,91,137,139,676,677,678,679,680,681,682,683,688,689,690,691,692,693,694,695,696,592,593,594,595,596,597,598,599,600,601,602,603,604,605,606,607,608,609,610,611,612,613,614,615,616,617,618,619,620,621,622,623,624,625,626,627,628,629,630,631,632,633,634,635,636,637,638,639,640,641,642,643,644,645,646,647,648,649,650,651,652,653,654,655,656,657,658,659,660,661,662,663,664,665,666,667,668,669,670,671,672,673,674,675
821,822,823,824,825,826,827,828,536,557,565,576,577,578,579,580,581,582,583,433,434,537,543,548,552,553,554,555,556,569,570,573,356,362,363,418,426,427,92,94,126,134,210,211,212,213,214,223,224,225,226,229,235,236,237,238,239,240,241,243,248,249,250,251,252,253,254,255,256,257,261,262,263,264,270,271,272,273,274,275,395,396,399,400,401,402,403,404,405,406,408,409,410,411,412,413,414,415,416,417,419,421,423,424,425,428,429,91,137,139,676,677,678,679,680,681,682,683,688,689,690,691,692,693,694,695,696,592,593,594,595,596,597,598,599,600,601,602,603,604,605,606,607,608,609,610,611,612,613,614,615,616,617,618,619,620,621,622,623,624,625,626,627,628,629,630,631,632,633,634,635,636,637,638,639,640,641,642,643,644,645,646,647,648,649,650,651,652,653,654,655,656,657,658,659,660,661,662,663,664,665,666,667,668,669,670,671,672,673,674,675
821,822,823,824,825,826,827,828,536,557,565,576,577,578,579,580,581,582,583,433,434,537,543,548,569,570,573,356,362,363,418,426,427,92,94,126,134,210,211,212,213,214,223,224,225,226,229,235,236,237,238,239,240,241,243,248,249,250,251,252,253,254,255,256,257,261,262,263,264,270,271,272,273,274,275,395,396,399,400,401,402,403,404,405,406,408,409,410,411,412,413,414,415,416,417,419,421,423,424,425,428,429,91,137,139,676,677,678,679,680,681,682,683,688,689,690,691,692,693,694,695,696,592,593,594,595,596,597,598,599,600,601,602,603,604,605,606,607,608,609,610,611,612,613,614,615,616,617,618,619,620,621,622,623,624,625,626,627,628,629,630,631,632,633,634,635,636,637,638,639,640,641,642,643,644,645,646,647,648,649,650,651,652,653,654,655,656,657,658,659,660,661,662,663,664,665,666,667,668,669,670,671,672,673,674,675
821,822,823,824,825,826,827,828,536,557,565,576,577,578,579,580,581,582,583,433,434,537,543,548,558,559,560,561,562,563,567,568,573,356,362,363,418,426,427,92,94,126,134,210,211,212,213,214,223,224,225,226,229,235,236,237,238,239,240,241,243,248,249,250,251,252,253,254,255,256,257,261,262,263,264,270,271,272,273,274,275,395,396,399,400,401,402,403,404,405,406,408,409,410,411,412,413,414,415,416,417,419,421,423,424,425,428,429,91,137,139,676,677,678,679,680,681,682,683,688,689,690,691,692,693,694,695,696,592,593,594,595,596,597,598,599,600,601,602,603,604,605,606,607,608,609,610,611,612,613,614,615,616,617,618,619,620,621,622,623,624,625,626,627,628,629,630,631,632,633,634,635,636,637,638,639,640,641,642,643,644,645,646,647,648,649,650,651,652,653,654,655,656,657,658,659,660,661,662,663,664,665,666,667,668,669,670,671,672,673,674,675
821,822,823,824,825,826,827,828,536,557,565,576,577,578,579,580,581,582,583,433,434,537,543,548,549,550,551,567,568,569,570,571,572,573,356,362,363,418,426,427,92,94,126,134,210,211,212,213,214,223,224,225,226,229,235,236,237,238,239,240,241,243,248,249,250,251,252,253,254,255,256,257,261,262,263,264,270,271,272,273,274,275,395,396,399,400,401,402,403,404,405,406,408,409,410,411,412,413,414,415,416,417,419,421,423,424,425,428,429,91,137,139,676,677,678,679,680,681,682,683,688,689,690,691,692,693,694,695,696,592,593,594,595,596,597,598,599,600,601,602,603,604,605,606,607,608,609,610,611,612,613,614,615,616,617,618,619,620,621,622,623,624,625,626,627,628,629,630,631,632,633,634,635,636,637,638,639,640,641,642,643,644,645,646,647,648,649,650,651,652,653,654,655,656,657,658,659,660,661,662,663,664,665,666,667,668,669,670,671,672,673,674,675
821,822,823,824,825,826,827,828,536,557,565,576,577,578,579,580,581,582,583,433,434,537,543,548,567,568,573,356,362,363,418,426,427,92,94,126,134,210,211,212,213,214,223,224,225,226,229,235,236,237,238,239,240,241,243,248,249,250,251,252,253,254,255,256,257,261,262,263,264,270,271,272,273,274,275,395,396,399,400,401,402,403,404,405,406,408,409,410,411,412,413,414,415,416,417,419,421,423,424,425,428,429,91,137,139,676,677,678,679,680,681,682,683,688,689,690,691,692,693,694,695,696,592,593,594,595,596,597,598,599,600,601,602,603,604,605,606,607,608,609,610,611,612,613,614,615,616,617,618,619,620,621,622,623,624,625,626,627,628,629,630,631,632,633,634,635,636,637,638,639,640,641,642,643,644,645,646,647,648,649,650,651,652,653,654,655,656,657,658,659,660,661,662,663,664,665,666,667,668,669,670,671,672,673,674,675
821,822,823,824,825,826,827,828,536,557,565,576,577,578,579,580,581,582,583,433,434,537,543,548,564,566,567,568,573,356,362,363,418,426,427,92,94,126,134,210,211,212,213,214,223,224,225,226,229,235,236,237,238,239,240,241,243,248,249,250,251,252,253,254,255,256,257,261,262,263,264,270,271,272,273,274,275,395,396,399,400,401,402,403,404,405,406,408,409,410,411,412,413,414,415,416,417,419,421,423,424,425,428,429,91,137,139,676,677,678,679,680,681,682,683,688,689,690,691,692,693,694,695,696,592,593,594,595,596,597,598,599,600,601,602,603,604,605,606,607,608,609,610,611,612,613,614,615,616,617,618,619,620,621,622,623,624,625,626,627,628,629,630,631,632,633,634,635,636,637,638,639,640,641,642,643,644,645,646,647,648,649,650,651,652,653,654,655,656,657,658,659,660,661,662,663,664,665,666,667,668,669,670,671,672,673,674,675
356,418,426,427,92,94,126,134,137,139,676,677,678,679,680
356,418,426,427,92,94,126,134,210,211,212,213,214,223,224,225,226,261,262,263,264,271,272,273,274,137,139,676,677,678,679,680,681,682,683,688,689
356,418,426,427,92,94,126,134,210,211,212,213,214,223,224,225,226,261,262,263,264,271,272,273,274,137,139,676,677,678,679,680,681,682,683,684,685,686,688,689
356,418,426,427,92,94,126,134,210,211,212,213,214,223,224,225,226,261,262,263,264,271,272,273,274,137,139,676,677,678,679,680,681,682,683,687,688,689
356,418,426,427,92,94,126,134,210,211,212,213,214,223,224,225,226,261,262,263,264,271,272,273,274,137,139,676,677,678,679,680,681,682,683,688,689,690,691,692,693,694,695,696,592,597,598,611,612,623,624,637,638,639,640,641,642,643,644,645,646,647,648,650,651
356,418,426,427,92,94,126,134,210,211,212,213,214,223,224,225,226,261,262,263,264,271,272,273,274,137,139,676,677,678,679,680,681,682,683,688,689,690,691,692,693,694,695,696,592,599,600,607,608,623,624,652,653,654,655,656,657,658,659,660,661,662,663,664,665,666,667,668,669,670,671
356,418,426,427,92,94,126,134,210,211,212,213,214,223,224,225,226,229,261,262,263,264,271,272,273,274,395,396,399,137,139,676,677,678,679,680,681,682,683,688,689,690,691,692,693,694,695,696,592,593,594,597,598,607,608,611,612,623,624,625,626,627,628,629,630,631,632,633,637,638,639,640,641,642,643,644,645,646,647,648,650,651,668,669,670,671
356,418,426,427,92,94,126,134,210,211,212,213,214,223,224,225,226,229,261,262,263,264,271,272,273,274,395,396,399,137,139,676,677,678,679,680,681,682,683,688,689,690,691,692,693,694,695,696,592,593,594,607,608,611,612,623,624,625,626,627,628,629,630,631,632,633,668,669,670,671
356,418,426,427,92,94,126,134,210,211,212,213,214,223,224,225,226,261,262,263,264,271,272,273,274,137,139,676,677,678,679,680,681,682,683,688,689
356,418,426,427,92,94,126,134,210,211,212,213,214,223,224,225,226,261,262,263,264,271,272,273,274,137,139,676,677,678,679,680,681,682,683,688,689,690,691,692,693,694,695,696,592,597,598,611,612,623,624,637,638,639,640,641,642,643,644,645,646,647,648,650,651
356,418,426,427,92,94,126,134,210,211,212,213,214,223,224,225,226,261,262,263,264,271,272,273,274,137,139,676,677,678,679,680,681,682,683,688,689,693,694,695,696,592,597,598,611,612,623,624,637,638,639,640,641,642,643,644,645,646,647,648,650,651
356,418,426,427,92,94,126,134,210,211,212,213,214,223,224,225,226,261,262,263,264,271,272,273,274,137,139,676,677,678,679,680,681,682,683,688,689,690,691,692,693,694,695,696,592,619,620,623,624
356,418,426,427,92,94,126,134,210,211,212,213,214,223,224,225,226,261,262,263,264,271,272,273,274,137,139,676,677,678,679,680,681,682,683,688,689,690,691,692,693,694,695,696,592,609,610,623,624,672,673
356,418,426,427,92,94,126,134,210,211,212,213,214,223,224,225,226,229,261,262,263,264,271,272,273,274,395,396,399,137,139,676,677,678,679,680,681,682,683,688,689,690,691,692,693,694,695,696,592,593,594,597,598,599,600,607,608,609,610,611,612,613,614,615,616,617,618,619,620,623,624,625,626,627,628,629,630,631,632,633,637,638,639,640,641,642,643,644,645,646,647,648,650,651,652,653,654,655,656,657,658,659,660,661,662,663,664,665,666,667,668,669,670,671,672,673
356,418,426,427,92,94,126,134,210,211,212,213,214,223,224,225,226,261,262,263,264,271,272,273,274,137,139,676,677,678,679,680,681,682,683,688,689,690,691,692,693,694,695,696,592,617,618,623,624
356,418,426,427,92,94,126,134,210,211,212,213,214,223,224,225,226,261,262,263,264,271,272,273,274,275,423,137,139,676,677,678,679,680,681,682,683,688,689,690,691,692,693,694,695,696,592,595,596,623,624,634,635,636
356,418,426,427,92,94,126,134,210,211,212,213,214,223,224,225,226,261,262,263,264,270,271,272,273,274,137,139,676,677,678,679,680,681,682,683,688,689,690,691,692,693,694,695,696,592,605,606,623,624,674,675
356,418,426,427,92,94,126,134,210,211,212,213,214,223,224,225,226,261,262,263,264,271,272,273,274,137,139,676,677,678,679,680,681,682,683,688,689,690,691,692,693,694,695,696,592,615,616,623,624
356,418,426,427,92,94,126,134,210,211,212,213,214,223,224,225,226,261,262,263,264,271,272,273,274,137,139,676,677,678,679,680,681,682,683,688,689,690,691,692,693,694,695,696,592,611,612,623,624
356,418,426,427,92,94,126,134,210,211,212,213,214,223,224,225,226,261,262,263,264,271,272,273,274,137,139,676,677,678,679,680,681,682,683,688,689,690,691,692,693,694,695,696,592,613,614,623,624
356,418,426,427,92,94,126,134,210,211,212,213,214,223,224,225,226,261,262,263,264,271,272,273,274,137,139,676,677,678,679,680,681,682,683,688,689,690,691,692,693,694,695,696,592,599,600,607,608,623,624,652,653,654,655,656,657,658,659,660,661,662,663,664,665,666,667,668,669,670,671
356,418,426,427,92,94,126,134,210,211,212,213,214,223,224,225,226,261,262,263,264,271,272,273,274,137,139,676,677,678,679,680,681,682,683,688,689,693,694,695,696,592,599,600,607,608,623,624,652,653,654,655,656,657,658,659,660,661,662,663,664,665,666,667,668,669,670,671
356,418,426,427,92,94,126,134,210,211,212,213,214,223,224,225,226,229,261,262,263,264,271,272,273,274,395,396,399,137,139,676,677,678,679,680,681,682,683,688,689,690,691,692,693,694,695,696,592,593,594,597,598,599,600,607,608,609,610,611,612,613,614,615,616,617,618,619,620,623,624,625,626,627,628,629,630,631,632,633,637,638,639,640,641,642,643,644,645,646,647,648,650,651,652,653,654,655,656,657,658,659,660,661,662,663,664,665,666,667,668,669,670,671,672,673
356,418,426,427,92,94,126,134,210,211,212,213,214,223,224,225,226,261,262,263,264,271,272,273,274,137,139,676,677,678,679,680,681,682,683,688,689,690,691,692,693,695,696,592,621,622,623,624
356,418,426,427,92,94,126,134,210,211,212,213,214,223,224,225,226,229,261,262,263,264,271,272,273,274,395,396,399,137,139,676,677,678,679,680,681,682,683,688,689,693,694,695,696,592,593,594,607,608,611,612,623,624,625,626,627,628,629,630,631,632,633,668,669,670,671
356,418,426,427,92,94,126,134,210,211,212,213,214,223,224,225,226,229,261,262,263,264,271,272,273,274,395,396,399,137,139,676,677,678,679,680,681,682,683,688,689,690,691,692,693,694,695,696,592,593,594,607,608,611,612,623,624,625,626,627,628,629,630,631,632,633,668,669,670,671
356,418,426,427,92,94,126,134,210,211,212,213,214,223,224,225,226,261,262,263,264,271,272,273,274,137,139,676,677,678,679,680,681,682,683,688,689,690,691,692,693,694,695,696,592,607,608,623,624,668,669,670,671
356,418,426,427,92,94,126,134,210,211,212,213,214,223,224,225,226,261,262,263,264,271,272,273,274,400,401,402,403,404,405,406,408,409,410,411,412,413,415,416,417,419,421,423,424,425,428,429,91,137,139,676,677,678,679,680,681,682,683,688,689,690,691,692,693,694,695,696,592,601,602,603,604,611,612,623,624,649
356,418,426,427,92,94,126,134,210,211,212,213,214,223,224,225,226,261,262,263,264,271,272,273,274,137,139,676,677,678,679,680,681,682,683,688,689,693,694,695,696,592,611,612,623,624
821,822,823,824,825,826,829,830,831,832,833,820,15,16,17,18,20,21,22,23,24,25,32,1,2,356,418,426,427,92,94,126,134,210,211,212,213,214,223,224,225,226,227,228,229,137,139,730,731,732,698,699,700,701,702,703,712,713,714,715,716,717,718,719
821,822,823,824,825,826,829,830,831,832,833,820,15,16,17,18,20,21,22,23,24,25,32,1,2,356,418,426,427,92,94,126,134,210,211,212,213,214,223,224,225,226,227,228,229,137,139,730,731,732,698,699,700,701,702,703,712,713,714,715,716,717,718,719
821,822,823,824,825,826,829,830,831,832,833,820,15,16,17,18,20,21,22,23,24,25,32,1,2,356,418,426,427,92,94,126,134,210,211,212,213,214,223,224,225,226,227,228,229,137,139,730,731,732,698,699,700,701,702,703,712,713,714,715,716,717,718,719
821,822,823,824,825,826,829,830,831,832,833,820,15,16,18,20,21,22,23,24,25,26,27,28,29,30,31,32,1,2,356,418,426,427,92,94,126,134,210,211,212,213,214,215,216,217,218,219,220,221,223,224,225,226,227,228,137,139,140,141,142,143,144,145,146,164,165,183,184,730,731,732,733,734,735,698,699,700,701,702,703,708,709,710,711
821,822,823,824,825,826,829,830,831,832,833,820,15,16,18,20,21,22,23,24,25,26,27,28,29,30,31,32,1,2,356,418,426,427,92,94,126,134,210,211,212,213,214,215,216,217,218,219,220,221,223,224,225,226,227,228,137,139,140,141,142,143,144,145,146,164,183,184,730,731,732,733,734,735,698,699,700,701,702,703,707,708,709,710,711
821,822,823,824,825,826,829,830,831,832,833,820,15,16,17,18,20,21,22,23,24,25,32,1,2,356,418,426,427,92,94,126,134,210,211,212,213,214,223,224,225,226,227,228,229,137,139,730,731,732,698,699,700,701,702,703,712,713,714,715,716,717,718,719
821,822,823,824,825,826,829,830,831,832,833,820,15,16,18,20,21,22,23,24,25,26,27,28,29,30,31,32,1,2,356,418,426,427,92,94,126,134,210,211,212,213,214,215,216,217,218,219,220,221,223,224,225,226,227,228,137,139,140,141,142,143,144,145,146,164,183,184,730,731,732,733,734,735,698,699,700,701,702,703
821,822,823,824,825,826,829,830,831,832,833,820,15,16,18,20,21,22,23,24,25,32,1,2,356,418,426,427,92,94,126,134,210,211,212,213,214,223,224,225,226,227,228,137,139,730,731,732,698,699,700,701,702,703
821,822,823,824,825,826,829,830,831,832,833,820,15,16,18,20,21,22,23,24,25,32,1,2,356,418,426,427,92,94,126,134,210,211,212,213,214,223,224,225,226,227,228,137,139,730,731,732,698,699,700,701,702,703
821,822,823,824,825,826,829,830,831,832,833,820,15,16,18,19,20,21,22,23,24,25,32,1,2,356,418,426,427,92,94,126,134,210,211,212,213,214,215,216,217,218,219,220,221,222,223,224,225,226,227,228,229,137,139,140,142,143,144,145,146,153,164,183,184,730,731,732,736,737,738,739,740,741,742,743,698,699,700,701,702,703
821,822,823,824,825,826,829,830,831,832,833,820,15,16,18,20,21,22,23,24,25,32,1,2,356,418,426,427,92,94,126,134,210,211,212,213,214,223,224,225,226,227,228,137,139,730,731,732,698,699,700,701,702,703
821,822,823,824,825,826,829,830,831,832,833,820,15,16,18,20,21,22,23,24,25,26,27,28,29,30,31,32,1,2,7,8,9,10,11,12,356,418,426,427,92,94,126,134,210,211,212,213,214,215,216,217,218,219,220,221,223,224,225,226,227,228,137,139,140,141,142,143,144,145,146,164,183,184,730,731,732,733,734,735,698,699,700,701,702,703,723,724,725
821,822,823,824,825,826,829,830,831,832,833,820,15,16,18,20,21,22,23,24,25,26,27,28,29,30,31,32,1,2,7,8,9,10,11,13,14,356,418,426,427,92,94,126,134,210,211,212,213,214,215,216,217,218,219,220,221,223,224,225,226,227,228,229,230,231,232,233,395,113,114,115,116,117,118,119,120,121,122,123,137,139,140,141,142,143,144,145,146,164,183,184,730,731,732,733,734,735,698,699,700,701,702,703,723,724,726,727,728,729
821,822,823,824,825,826,829,830,831,832,833,820,15,16,18,20,21,22,23,24,25,32,1,2,356,418,426,427,92,94,126,134,210,211,212,213,214,223,224,225,226,227,228,229,137,139,730,731,732,745,697,698,699,700,701,702,703
821,822,823,824,825,826,829,830,831,832,833,820,15,16,18,20,21,22,23,24,25,32,1,2,356,418,426,427,92,94,126,134,210,211,212,213,214,223,224,225,226,227,228,229,137,139,730,731,732,744,745,697,698,699,700,701,702,703
821,822,823,824,825,826,829,830,831,832,833,820,15,16,18,20,21,22,23,24,25,32,1,2,356,418,426,427,92,94,126,134,210,211,212,213,214,223,224,225,226,227,228,137,139,730,731,732,698,699,700,701,702,703,705,706
821,822,823,824,825,826,829,830,831,832,833,820,15,16,18,20,21,22,23,24,25,32,1,2,356,418,426,427,92,94,126,134,210,211,212,213,214,223,224,225,226,227,228,137,139,730,731,732,698,699,700,701,702,703,704,705,706
821,822,823,824,825,826,829,830,831,832,833,820,15,16,18,20,21,22,23,24,25,32,1,2,356,418,426,427,92,94,126,134,210,211,212,213,214,223,224,225,226,227,228,137,139,730,731,732,698,699,700,701,702,703,704,705,706
821,822,823,824,825,826,829,830,831,832,833,815,816,817,818,820,15,16,18,20,21,22,23,24,25,32,1,2,3,4,5,6,356,418,426,427,92,94,126,134,210,211,212,213,214,223,224,225,226,227,228,229,234,395,95,96,97,98,99,100,101,102,103,110,111,137,139,730,731,732,698,699,700,701,702,703,720,721,722
821,822,823,824,825,826,829,830,831,832,833,815,816,817,818,820,15,16,18,20,21,22,23,24,25,32,1,2,3,4,5,6,356,418,426,427,92,94,126,134,210,211,212,213,214,223,224,225,226,227,228,229,234,395,95,96,97,98,99,100,101,102,103,110,111,137,139,730,731,732,698,699,700,701,702,703,720,721,722
821,822,823,824,825,826,829,830,831,832,833,820,15,16,18,20,21,22,23,24,25,26,27,28,29,30,31,32,1,2,356,418,426,427,92,94,126,134,210,211,212,213,214,215,216,217,218,219,220,221,223,224,225,226,227,228,137,139,140,141,142,143,144,145,146,164,165,183,184,730,731,732,733,734,735,698,699,700,701,702,703,707,708,709,710,711
821,822,823,824,825,826,829,830,831,832,833,820,15,16,18,20,21,22,23,24,25,32,1,2,356,418,426,427,92,94,126,134,210,211,212,213,214,223,224,225,226,227,228,137,139,730,731,732,698,699,700,701,702,703
821,822,823,824,825,826,829,830,831,832,833,820,15,16,17,18,19,20,21,22,23,24,25,32,1,2,356,418,426,427,92,94,126,134,210,211,212,213,214,215,216,217,218,219,220,221,222,223,224,225,226,227,228,229,137,139,140,142,143,144,145,146,153,164,183,184,730,731,732,736,737,738,739,740,741,742,743,698,699,700,701,702,703,712,713,714,715,716,717,718,719
821,822,823,824,825,826,829,830,831,832,833,820,15,16,18,20,21,22,23,24,25,32,1,2,356,418,426,427,92,94,126,134,210,211,212,213,214,223,224,225,226,227,228,137,139,730,731,732,698,699,700,701,702,703
821,822,823,824,825,826,829,830,831,832,833,820,15,16,18,20,21,22,23,24,25,32,1,2,356,418,426,427,92,94,126,134,210,211,212,213,214,223,224,225,226,227,228,137,139,730,731,732,698,699,700,701,702,703
821,822,823,824,825,826,829,830,831,832,833,820,15,16,18,20,21,22,23,24,25,32,1,2,356,418,426,427,92,94,126,134,210,211,212,213,214,223,224,225,226,227,228,137,139,730,731,732,698,699,700,701,702,703
75,78,82,89,38,45,57,58,66,67
75,76,82,89,38,45,57,58,66,67
75,77,82,89,38,45,57,58,66,67
75,81,82,89,38,45,57,58,66,67
75,79,80,82,89,38,45,57,58,66,67
75,82,89,38,45,49,50,51,57,58,66,67,70,71
75,82,89,38,45,57,58,66,67,68
75,82,89,38,45,57,58,66,67,69
75,82,89,38,45,57,58,66,67,74
75,82,89,38,45,52,53,54,55,57,58,66,67,72,73
75,82,89,38,42,45,57,58,61,62,66,67
75,82,89,38,45,57,58,59,66,67
75,82,89,38,45,57,58,60,66,67
75,82,89,38,45,57,58,65,66,67
75,82,89,38,43,45,57,58,63,64,66,67
75,82,89,34,38,45,57,58,66,67
75,82,89,35,38,45,57,58,66,67
75,82,89,90,38,45,57,58,66,67
75,82,89,33,38,45,57,58,66,67
75,82,89,37,38,45,57,58,66,67
75,82,89,36,38,45,57,58,66,67
75,82,85,89,38,45,57,58,66,67
75,82,86,89,38,45,57,58,66,67
75,82,83,89,38,45,57,58,66,67
75,82,84,89,38,45,57,58,66,67
75,82,88,89,38,45,57,58,66,67
75,82,87,89,38,45,57,58,66,67
75,82,89,38,45,48,57,58,66,67
75,82,89,38,45,49,50,51,57,58,66,67
75,82,89,38,45,46,57,58,66,67
75,82,89,38,45,47,57,58,66,67
75,82,89,38,45,56,57,58,66,67
75,82,89,38,45,52,53,54,55,57,58,66,67
75,82,89,38,41,45,57,58,66,67
75,82,89,38,42,45,57,58,66,67
75,82,89,38,39,45,57,58,66,67
75,82,89,38,40,45,57,58,66,67
75,82,89,38,44,45,57,58,66,67
75,82,89,38,43,45,57,58,66,67
821,822,823,824,825,826,829,830,831,832,833,834,835,836,837,838,806,807,809,810,811,820
821,822,823,824,825,826,829,830,831,832,833,834,835,836,837,838,806,807,808,809,810,811,820
821,822,823,824,825,826,829,830,831,832,833,834,835,836,837,838,806,807,808,809,810,811,820
821,822,823,824,825,826,829,830,831,832,833,834,835,836,837,838,806,807,808,809,810,811,820
821,822,823,824,825,826,829,830,831,832,833,806,807,809,810,811,820
821,822,823,824,825,826,829,830,831,832,833,806,807,809,810,811,820
821,822,823,824,825,826,829,830,831,832,833,806,807,809,810,811,820
821,822,823,824,825,826,829,830,831,832,833,806,807,809,810,811,820
821,822,823,824,825,826,829,830,831,832,833,806,807,808,809,810,811,820
821,822,823,824,825,826,829,830,831,832,833,806,807,808,809,810,811,820
821,822,823,824,825,826,829,830,831,832,833,806,807,808,809,810,811,820
821,822,823,824,825,826,829,830,831,832,833,806,807,808,809,810,811,820
821,822,823,824,825,826,829,830,831,832,833,806,807,808,809,810,811,820
821,822,823,824,825,826,829,830,831,832,833,806,807,808,809,810,811,820
821,822,823,824,825,826,829,830,831,832,833,806,807,808,809,810,811,820
821,822,823,824,825,826,829,830,831,832,833,806,807,808,809,810,811,820
821,822,823,824,825,826,829,830,831,832,833,806,807,809,810,811,820
821,822,823,824,825,826,829,830,831,832,833,806,807,809,810,811,820
821,822,823,824,825,826,829,830,831,832,833,806,807,809,810,811,820
821,822,823,824,825,826,829,830,831,832,833,806,807,809,810,811,820
821,822,823,824,825,826,829,830,831,832,833,806,807,808,809,810,811,820
821,822,823,824,825,826,829,830,831,832,833,806,807,808,809,810,811,820
821,822,823,824,825,826,829,830,831,832,833,806,807,808,809,810,811,820
821,822,823,824,825,826,829,830,831,832,833,806,807,808,809,810,811,820
821,822,823,824,825,826,829,830,831,832,833,834,835,836,837,838,820
821,822,823,824,825,826,829,830,831,832,833,834,835,836,837,838,820
821,822,823,824,825,826,829,830,831,832,833,834,835,836,837,838,820
821,822,823,824,825,826,829,830,831,832,833,834,835,836,837,838,820
821,822,823,824,825,826,829,830,831,832,833,834,835,836,837,838,820
821,822,823,824,825,826,829,830,831,832,833,834,835,836,837,838,820
821,822,823,824,825,826,829,830,831,832,833,834,835,836,837,838,820
821,822,823,824,825,826,829,830,831,832,833,834,835,836,837,838,820
821,822,823,824,825,826,829,830,831,832,833,834,835,836,837,838,820
821,822,823,824,825,826,829,830,831,832,833,834,835,836,837,838,820
821,822,823,824,825,826,829,830,831,832,833,834,835,836,837,838,820
821,822,823,824,825,826,829,830,831,832,833,834,835,836,837,838,820
821,822,823,824,825,826,829,830,831,832,833,834,835,836,837,838,820
821,822,823,824,825,826,829,830,831,832,833,834,835,836,837,838,820
821,822,823,824,825,826,829,830,831,832,833,834,835,836,837,838,820
821,822,823,824,825,826,829,830,831,832,833,834,835,836,837,838,820
821,822,823,824,825,826,829,830,831,832,833,834,835,836,837,838,820
821,822,823,824,825,826,829,830,831,832,833,834,835,836,837,838,820
821,822,823,824,825,826,829,830,831,832,833,834,835,836,837,838,820
821,822,823,824,825,826,829,830,831,832,833,834,835,836,837,838,820
870,871,872,873,874,875,876,847,848,855,856,859,860,861,862,863,864,865,866
870,871,872,873,874,875,876,847,848,855,856,859,860,861,862,863,864,865,866
870,871,872,873,874,875,876,847,848,855,856,859,860,861,862,863,864,865,866
870,871,872,873,877,878,847,848,855,856,859,860,861,862,863,864,865,866,867,868,869
870,871,872,873,877,878,847,848,855,856,859,860,861,862,863,864,865,866,867,868,869
870,871,872,873,877,878,847,848,855,856,859,860,861,862,863,864,865,866,867,868,869
870,871,872,873,877,878,847,848,855,856,859,860,861,862,863,864,865,866
870,871,872,873,877,878,847,848,855,856,859,860,861,862,863,864,865,866
870,871,872,873,877,878,847,848,855,856,859,860,861,862,863,864,865,866
870,871,872,873,879,880,847,848,855,856,859,860,861,862,863,864,865,866
870,871,872,873,879,880,847,848,855,856,859,860,861,862,863,864,865,866
870,871,872,873,879,880,847,848,855,856,859,860,861,862,863,864,865,866
870,871,872,873,881,882,883,884,885,886,887,888,889,847,848,855,856,859,860,861,862,863,864,865,866
870,871,872,873,881,882,883,884,885,886,887,888,889,847,848,855,856,859,860,861,862,863,864,865,866
870,871,872,873,881,882,883,884,885,886,887,888,889,847,848,855,856,859,860,861,862,863,864,865,866
870,871,872,873,843,844,847,848,855,856,859,860,861,862,863,864,865,866,867,868,869
870,871,872,873,843,844,847,848,855,856,859,860,861,862,863,864,865,866,867,868,869
870,871,872,873,843,844,847,848,855,856,859,860,861,862,863,864,865,866,867,868,869
870,871,872,873,845,846,847,848,855,856,859,860,861,862,863,864,865,866,867,868,869
870,871,872,873,845,846,847,848,855,856,859,860,861,862,863,864,865,866,867,868,869
870,871,872,873,845,846,847,848,855,856,859,860,861,862,863,864,865,866,867,868,869
870,871,872,873,845,846,847,848,855,856,859,860,861,862,863,864,865,866
870,871,872,873,845,846,847,848,855,856,859,860,861,862,863,864,865,866
870,871,872,873,845,846,847,848,855,856,859,860,861,862,863,864,865,866
870,871,872,873,847,848,849,850,855,856,859,860,861,862,863,864,865,866
870,871,872,873,847,848,849,850,855,856,859,860,861,862,863,864,865,866
870,871,872,873,847,848,849,850,855,856,859,860,861,862,863,864,865,866
870,871,872,873,847,848,851,852,855,856,859,860,861,862,863,864,865,866
870,871,872,873,847,848,851,852,855,856,859,860,861,862,863,864,865,866
870,871,872,873,847,848,851,852,855,856,859,860,861,862,863,864,865,866
870,871,872,873,890,891,892,840,841,842,847,848,855,856,859,860,861,862,863,864,865,866
870,871,872,873,890,891,892,840,841,842,847,848,855,856,859,860,861,862,863,864,865,866
870,871,872,873,890,891,892,840,841,842,847,848,855,856,859,860,861,862,863,864,865,866
870,871,872,873,847,848,855,856,859,860,861,862,863,864,865,866
870,871,872,873,847,848,855,856,859,860,861,862,863,864,865,866
870,871,872,873,847,848,855,856,859,860,861,862,863,864,865,866
870,871,872,873,847,848,853,854,855,856,859,860,861,862,863,864,865,866,867,868,869
870,871,872,873,847,848,853,854,855,856,859,860,861,862,863,864,865,866,867,868,869
870,871,872,873,847,848,853,854,855,856,859,860,861,862,863,864,865,866,867,868,869
870,871,872,873,847,848,855,856,859,860,861,862,863,864,865,866
870,871,872,873,847,848,855,856,859,860,861,862,863,864,865,866
870,871,872,873,847,848,855,856,859,860,861,862,863,864,865,866
870,871,872,873,847,848,855,856,857,858,859,860,861,862,863,864,865,866
870,871,872,873,847,848,855,856,857,858,859,860,861,862,863,864,865,866
870,871,872,873,847,848,855,856,857,858,859,860,861,862,863,864,865,866
